20013,19962,19935
19916,19957,19937
19986,19960,19939
19933,19957,19941
20008,19963,19943
19914,19957,19944
19996,19961,19946
19923,19957,19947
20005,19963,19949
19929,19959,19950
20008,19965,19951
19913,19959,19952
19998,19963,19953
19926,19959,19953
20003,19964,19954
19922,19959,19954
19996,19963,19955
19923,19958,19955
20004,19963,19956
19920,19958,19956
20004,19963,19956
19913,19957,19956
20011,19963,19956
19923,19958,19956
19998,19963,19956
19919,19958,19956
20003,19963,19956
19924,19959,19956
19998,19963,19956
19917,19958,19956
20003,19963,19956
19924,19959,19956
20008,19965,19957
19920,19960,19957
20002,19965,19958
19912,19959,19958
20012,19965,19958
19922,19960,19958
20000,19965,19958
19924,19960,19958
19996,19964,19958
19926,19960,19958
20001,19965,19958
19921,19960,19958
19993,19964,19958
19930,19960,19958
19999,19964,19958
19926,19960,19958
19996,19964,19958
19923,19959,19958
19996,19963,19958
19926,19959,19958
19999,19964,19958
19922,19959,19958
20006,19964,19958
19922,19959,19958
19993,19963,19958
19923,19958,19958
20002,19963,19958
19927,19959,19958
19992,19963,19958
19921,19958,19958
20005,19963,19958
19937,19960,19958
19986,19963,19958
19921,19958,19958
19997,19962,19958
19926,19958,19958
20001,19963,19958
19923,19958,19958
20002,19963,19958
19930,19959,19958
20002,19964,19958
19914,19958,19958
19991,19962,19958
19935,19959,19958
19992,19963,19958
19922,19958,19958
20004,19963,19958
19923,19958,19958
20003,19963,19958
19922,19958,19958
19998,19963,19958
19924,19959,19958
20010,19965,19958
19907,19958,19958
19992,19962,19958
19926,19958,19958
20018,19965,19958
19923,19960,19958
19987,19963,19958
19913,19957,19958
20019,19964,19958
19928,19960,19958
19982,19962,19958
19921,19957,19958
20011,19963,19958
19917,19958,19958
20003,19963,19958
19921,19958,19958
19998,19963,19958
19925,19959,19958
20002,19964,19958
19912,19958,19958
19994,19962,19958
19928,19958,19958
20006,19964,19958
19919,19959,19958
19996,19963,19958
19927,19959,19958
20000,19964,19958
19920,19959,19958
20004,19964,19958
19920,19959,19958
20008,19965,19958
19917,19959,19958
20004,19964,19958
19924,19959,19958
20002,19964,19958
19921,19959,19958
19996,19963,19958
19917,19958,19958
20001,19963,19958
19921,19958,19958
20008,19964,19958
19927,19960,19958
19993,19964,19958
19916,19958,19958
20008,19964,19958
19929,19960,19958
19990,19963,19958
19919,19958,19958
20000,19963,19958
19924,19959,19958
20000,19964,19958
19918,19959,19958
20006,19964,19958
19921,19959,19958
19998,19963,19958
19921,19958,19958
20007,19964,19958
19921,19959,19958
19998,19963,19958
19920,19958,19958
20006,19964,19958
19907,19957,19958
20010,19963,19958
19913,19957,19958
20011,19963,19958
19916,19958,19958
20012,19964,19958
19917,19959,19958
20000,19964,19958
19910,19958,19958
20007,19964,19958
19921,19959,19958
20006,19964,19958
19915,19958,19958
19998,19963,19958
19930,19959,19958
19999,19964,19958
19920,19959,19958
20011,19965,19958
19911,19959,19958
20003,19964,19958
19915,19958,19958
20001,19963,19958
19925,19959,19958
20006,19964,19958
19916,19958,19958
19988,19961,19958
19939,19959,19958
20002,19964,19958
19912,19958,19958
19995,19962,19958
19931,19959,19958
20002,19964,19958
19916,19958,19958
20002,19963,19958
19932,19960,19958
19992,19964,19958
19923,19959,19958
19991,19963,19958
19927,19959,19958
20005,19964,19958
19921,19959,19958
19990,19962,19958
19925,19958,19958
20004,19963,19958
19919,19958,19958
20008,19964,19958
19914,19958,19958
20002,19963,19958
19923,19958,19958
19999,19963,19958
19913,19957,19958
20008,19963,19958
19916,19958,19958
20009,19964,19958
19921,19959,19958
19995,19963,19958
19922,19958,19958
20007,19964,19958
19916,19958,19958
19992,19962,19958
19930,19958,19958
20014,19965,19958
19915,19959,19958
20001,19964,19958
19917,19959,19958
19997,19963,19958
19928,19959,19958
19993,19963,19958
19913,19957,19958
20006,19963,19958
19926,19959,19958
19997,19963,19958
19917,19958,19958
20000,19963,19958
19930,19959,19958
19993,19963,19958
19912,19957,19958
20011,19963,19958
19920,19958,19958
20002,19963,19958
19916,19958,19958
20003,19963,19958
19919,19958,19958
20006,19964,19958
19913,19958,19958
20003,19963,19958
19914,19957,19958
20012,19963,19958
19915,19957,19958
20001,19962,19958
19913,19956,19958
20003,19961,19958
19923,19957,19958
20002,19962,19958
19917,19957,19958
20008,19963,19958
19912,19957,19958
19996,19961,19958
19928,19957,19958
20009,19963,19958
19914,19957,19958
19998,19962,19958
19916,19957,19958
20008,19963,19958
19921,19958,19958
19998,19963,19958
19913,19957,19958
20007,19963,19958
19917,19958,19958
20005,19963,19958
19917,19958,19958
20007,19964,19958
19908,19957,19958
20009,19963,19958
19914,19957,19958
20003,19962,19958
19924,19958,19958
19998,19963,19958
19918,19958,19958
20003,19963,19958
19919,19958,19958
20005,19963,19958
19917,19958,19958
20005,19963,19958
19916,19958,19958
20001,19963,19958
19919,19958,19958
20001,19963,19958
19917,19958,19958
20016,19965,19958
19915,19959,19958
19998,19963,19958
19925,19959,19958
19994,19963,19958
19922,19958,19958
19998,19963,19958
19919,19958,19958
20010,19964,19958
19917,19959,19958
19999,19964,19958
19919,19959,19958
20008,19965,19958
19919,19960,19958
20001,19965,19958
19922,19960,19958
20000,19965,19958
19922,19960,19958
19998,19964,19958
19924,19959,19958
20000,19964,19958
19927,19960,19958
19998,19964,19958
19920,19959,19958
20000,19964,19958
19924,19959,19958
19996,19963,19958
19918,19958,19958
19996,19962,19958
19916,19957,19958
20008,19963,19958
19920,19958,19958
20004,19963,19958
19921,19958,19958
20003,19963,19958
19921,19958,19958
20002,19963,19958
19918,19958,19958
20002,19963,19958
19920,19958,19958
20009,19964,19958
19914,19958,19958
20000,19963,19958
19921,19958,19958
20002,19963,19958
19916,19958,19958
19994,19962,19958
19922,19957,19958
20010,19963,19958
19921,19958,19958
19998,19963,19958
19922,19958,19958
20010,19964,19958
19918,19959,19958
20004,19964,19958
19914,19958,19958
20001,19963,19958
19920,19958,19958
20001,19963,19958
19917,19958,19958
20008,19964,19958
19916,19958,19958
20007,19964,19958
19917,19959,19958
19998,19963,19958
19918,19958,19958
20012,19964,19958
19926,19960,19958
19986,19963,19958
19931,19959,19958
19987,19962,19958
19929,19958,19958
20006,19964,19958
19912,19958,19958
19992,19962,19958
19928,19958,19958
20005,19963,19958
19922,19958,19958
20004,19963,19958
19919,19958,19958
19995,19962,19958
19926,19958,19958
19998,19963,19958
19919,19958,19958
20005,19963,19958
19914,19957,19958
20010,19963,19958
19912,19957,19958
20014,19964,19958
19913,19958,19958
20005,19963,19958
19915,19957,19958
20009,19963,19958
19921,19958,19958
19995,19962,19958
19909,19956,19958
20013,19963,19958
19915,19957,19958
20010,19963,19958
19911,19957,19958
20000,19962,19958
19920,19957,19958
20009,19963,19958
19912,19957,19958
19999,19962,19958
19925,19958,19958
20007,19964,19958
19916,19958,19958
20000,19963,19958
19930,19959,19958
19996,19963,19958
19927,19959,19958
19996,19963,19958
19915,19957,19958
19991,19961,19958
19934,19958,19958
19998,19963,19958
19915,19957,19958
20002,19962,19958
19925,19958,19958
20000,19963,19958
19927,19959,19958
19988,19962,19958
19916,19957,19958
20004,19962,19958
19927,19958,19958
20004,19963,19958
19911,19957,19958
20006,19963,19958
19920,19958,19958
20006,19964,19958
19918,19959,19958
20003,19964,19958
19914,19958,19958
20011,19964,19958
19920,19959,19958
19998,19963,19958
19915,19957,19958
19998,19962,19958
19916,19957,19958
20006,19963,19958
19917,19958,19958
20004,19963,19958
19916,19958,19958
20010,19964,19958
19913,19958,19958
20004,19963,19958
19922,19958,19958
20002,19963,19958
19915,19957,19958
19995,19961,19958
19929,19957,19958
20001,19962,19958
19922,19957,19958
19997,19962,19958
19918,19957,19958
20005,19963,19958
19918,19958,19958
20003,19963,19958
19914,19957,19958
20006,19963,19958
19927,19959,19958
20000,19964,19958
19904,19957,19958
20004,19962,19958
19930,19958,19958
20001,19963,19958
19914,19957,19958
19999,19962,19958
19928,19958,19958
20003,19963,19958
19908,19957,19958
20002,19962,19958
19931,19959,19958
20002,19964,19958
19913,19958,19958
20005,19963,19958
19926,19959,19958
19997,19963,19958
19929,19959,19958
19985,19962,19958
19926,19958,19958
19993,19962,19958
19918,19957,19958
20010,19963,19958
19921,19958,19958
19995,19962,19958
19914,19956,19958
20005,19962,19958
19923,19958,19958
19988,19961,19958
19922,19957,19958
20006,19963,19958
19922,19958,19958
20003,19963,19958
19924,19959,19958
19999,19964,19958
19920,19959,19958
20003,19964,19958
19919,19959,19958
19995,19963,19958
19923,19958,19958
20007,19964,19958
19911,19958,19958
19999,19963,19958
19918,19958,19958
20014,19965,19958
19926,19961,19958
19984,19963,19958
19923,19958,19958
20004,19963,19958
19922,19958,19958
19998,19963,19958
19917,19958,19958
19996,19962,19958
19917,19957,19958
20017,19964,19958
19907,19957,19958
19994,19961,19958
19930,19958,19958
19999,19963,19958
19921,19958,19958
19995,19962,19958
19911,19956,19958
20015,19963,19958
19926,19959,19958
19993,19963,19958
19918,19958,19958
20002,19963,19958
19924,19959,19958
20007,19965,19958
19905,19958,19958
20007,19964,19958
19930,19960,19958
19983,19962,19958
19928,19958,19958
19996,19962,19958
19926,19958,19958
19993,19962,19958
19924,19958,19958
19996,19962,19958
19927,19958,19958
19991,19962,19958
19919,19957,19958
19998,19962,19958
19931,19959,19958
19995,19963,19958
19921,19958,19958
19997,19962,19958
19927,19958,19958
19997,19962,19958
19923,19958,19958
19998,19963,19958
19926,19959,19958
19999,19964,19958
19920,19959,19958
19997,19963,19958
19925,19959,19958
20001,19964,19958
19911,19958,19958
20001,19963,19958
19920,19958,19958
20010,19964,19958
19915,19958,19958
20002,19963,19958
19908,19957,19958
20010,19963,19958
19928,19959,19958
19992,19963,19958
19920,19958,19958
20003,19963,19958
19916,19958,19958
20006,19964,19958
19909,19958,19958
20007,19964,19958
19927,19960,19958
19994,19964,19958
19913,19958,19958
20016,19965,19958
19915,19959,19958
19993,19963,19958
19922,19958,19958
19997,19962,19958
19915,19957,19958
20005,19963,19958
19931,19959,19958
20001,19964,19958
19912,19958,19958
19997,19962,19958
19933,19959,19958
20000,19964,19958
19916,19958,19958
19994,19962,19958
19925,19958,19958
20011,19964,19958
19917,19959,19958
20000,19964,19958
19918,19959,19958
19998,19963,19958
19926,19959,19958
20000,19964,19958
19915,19958,19958
20000,19963,19958
19932,19960,19958
19990,19963,19958
19918,19958,19958
20003,19963,19958
19926,19959,19958
19995,19963,19958
19924,19959,19958
19995,19963,19958
19926,19959,19958
20001,19964,19958
19919,19959,19958
19995,19963,19958
19921,19958,19958
19999,19963,19958
19931,19959,19958
19989,19962,19958
19917,19957,19958
20010,19963,19958
19929,19959,19958
19992,19963,19958
19913,19957,19958
20012,19963,19958
19920,19958,19958
20011,19964,19958
19909,19958,19958
19994,19962,19958
19935,19959,19958
19996,19963,19958
19920,19958,19958
19997,19962,19958
19915,19957,19958
20023,19965,19958
19903,19958,19958
19997,19962,19958
19927,19958,19958
20002,19963,19958
19921,19958,19958
19993,19962,19958
19923,19958,19958
20003,19963,19958
19923,19958,19958
19991,19962,19958
19924,19958,19958
20001,19963,19958
19930,19959,19958
19991,19963,19958
19918,19958,19958
20000,19963,19958
19931,19959,19958
19997,19963,19958
19919,19958,19958
20008,19964,19958
19918,19959,19958
20000,19964,19958
19922,19959,19958
20001,19964,19958
19919,19959,19958
19999,19964,19958
19920,19959,19958
19991,19963,19958
19937,19960,19958
20000,19965,19958
19918,19960,19958
20001,19965,19958
19914,19959,19958
19996,19963,19958
19927,19959,19958
20004,19964,19958
19922,19959,19958
20002,19964,19958
19913,19958,19958
20000,19963,19958
19923,19958,19958
20004,19963,19958
19914,19957,19958
20012,19963,19958
19908,19957,19958
19996,19961,19958
19922,19957,19958
20014,19964,19958
19903,19957,19958
20009,19963,19958
19928,19959,19958
19999,19964,19958
19919,19959,19958
20002,19964,19958
19914,19958,19958
20002,19963,19958
19929,19959,19958
20000,19964,19958
19915,19958,19958
20003,19963,19958
19917,19958,19958
20008,19964,19958
19924,19959,19958
20000,19964,19958
19915,19958,19958
20010,19964,19958
19919,19959,19958
19997,19963,19958
19918,19958,19958
20003,19963,19958
19926,19959,19958
19995,19963,19958
19927,19959,19958
19999,19964,19958
19922,19959,19958
19996,19963,19958
19926,19959,19958
20003,19964,19958
19920,19959,19958
20004,19964,19958
19923,19959,19958
19990,19962,19958
19927,19958,19958
20004,19963,19958
19921,19958,19958
19993,19962,19958
19926,19958,19958
20008,19964,19958
19908,19957,19958
20001,19962,19958
19935,19959,19958
20002,19964,19958
19921,19959,19958
19993,19963,19958
19918,19958,19958
20008,19964,19958
19914,19958,19958
20005,19963,19958
19920,19958,19958
20001,19963,19958
19919,19958,19958
20011,19964,19958
19913,19958,19958
20011,19964,19958
19915,19958,19958
19987,19961,19958
19924,19957,19958
20011,19963,19958
19920,19958,19958
20000,19963,19958
19913,19957,19958
20009,19963,19958
19917,19958,19958
19999,19963,19958
19921,19958,19958
20016,19965,19958
19914,19959,19958
20003,19964,19958
19912,19958,19958
20009,19964,19958
19922,19959,19958
20003,19964,19958
19915,19958,19958
20000,19963,19958
19921,19958,19958
20010,19964,19958
19905,19957,19958
20011,19963,19958
19913,19957,19958
20007,19963,19958
19920,19958,19958
20000,19963,19958
19918,19958,19958
19999,19963,19958
19927,19959,19958
20000,19964,19958
19919,19959,19958
20005,19964,19958
19925,19960,19958
20007,19965,19958
19920,19960,19958
19990,19963,19958
19935,19960,19958
19991,19963,19958
19926,19959,19958
20001,19964,19958
19919,19959,19958
19996,19963,19958
19927,19959,19958
19999,19964,19958
19928,19960,19958
19987,19963,19958
19930,19959,19958
20002,19964,19958
19925,19960,19958
19997,19964,19958
19925,19960,19958
20002,19965,19958
19915,19959,19958
19996,19963,19958
19927,19959,19958
20004,19964,19958
19913,19958,19958
20002,19963,19958
19933,19960,19958
19995,19964,19958
19917,19959,19958
19999,19964,19958
19931,19960,19958
19999,19964,19958
19915,19958,19958
19998,19963,19958
19918,19958,19958
20010,19964,19958
19917,19959,19958
20002,19964,19958
19921,19959,19958
19998,19963,19958
19923,19958,19958
19997,19962,19958
19930,19958,19958
20000,19963,19958
19920,19958,19958
20005,19963,19958
19916,19958,19958
20007,19964,19958
19911,19958,19958
20013,19964,19958
19924,19959,19958
19995,19963,19958
19915,19957,19958
20001,19962,19958
19934,19959,19958
19999,19964,19958
19915,19958,19958
20006,19964,19958
19920,19959,19958
19997,19963,19958
19922,19958,19958
20002,19963,19958
19929,19959,19958
20009,19965,19958
19906,19958,19958
20001,19963,19958
19927,19959,19958
20008,19965,19958
19918,19960,19958
20005,19965,19958
19917,19959,19958
20004,19964,19958
19920,19959,19958
19997,19963,19958
19916,19958,19958
20005,19963,19958
19912,19957,19958
19999,19962,19958
19927,19958,19958
20010,19964,19958
19925,19960,19958
20000,19965,19958
19911,19959,19958
20007,19965,19958
19916,19959,19958
19999,19964,19958
19925,19960,19958
20005,19965,19958
19921,19960,19958
20006,19965,19958
19917,19959,19958
19986,19962,19958
19932,19959,19958
20005,19964,19958
19921,19959,19958
19995,19963,19958
19925,19959,19958
20009,19965,19958
19917,19959,19958
19999,19964,19958
19923,19959,19958
20002,19964,19958
19911,19958,19958
20004,19963,19958
19914,19957,19958
20009,19963,19958
19923,19958,19958
20001,19963,19958
19921,19958,19958
20000,19963,19958
19925,19959,19958
19997,19963,19958
19919,19958,19958
20002,19963,19958
19916,19958,19958
20006,19964,19958
19912,19958,19958
20007,19964,19958
19923,19959,19958
20005,19964,19958
19915,19958,19958
20008,19964,19958
19921,19959,19958
19996,19963,19958
19920,19958,19958
20015,19965,19958
19918,19960,19958
20006,19965,19958
19916,19959,19958
20003,19964,19958
19912,19958,19958
20004,19963,19958
19922,19958,19958
20006,19964,19958
19919,19959,19958
20001,19964,19958
19923,19959,19958
19999,19964,19958
19912,19958,19958
20007,19964,19958
19925,19960,19958
19996,19964,19958
19920,19959,19958
19997,19963,19958
19933,19960,19958
19999,19964,19958
19931,19960,19958
19991,19963,19958
19915,19957,19958
20004,19962,19958
19920,19957,19958
20000,19962,19958
19927,19958,19958
20008,19964,19958
19921,19959,19958
19999,19964,19958
19916,19958,19958
19999,19963,19958
19926,19959,19958
19997,19963,19958
19920,19958,19958
20002,19963,19958
19922,19958,19958
20012,19964,19958
19915,19958,19958
20000,19963,19958
19923,19958,19958
20001,19963,19958
19928,19959,19958
20001,19964,19958
19915,19958,19958
20005,19963,19958
19915,19957,19958
20008,19963,19958
19917,19958,19958
20010,19964,19958
19916,19958,19958
19995,19962,19958
19923,19958,19958
20005,19963,19958
19913,19957,19958
20012,19963,19958
19916,19958,19958
20009,19964,19958
19922,19959,19958
19998,19963,19958
19918,19958,19958
20008,19964,19958
19923,19959,19958
19997,19963,19958
19926,19959,19958
20010,19965,19958
19916,19959,19958
19992,19963,19958
19923,19958,19958
20009,19964,19958
19914,19958,19958
20001,19963,19958
19926,19959,19958
20003,19964,19958
19916,19958,19958
20001,19963,19958
19923,19958,19958
20008,19964,19958
19918,19959,19958
20000,19964,19958
19916,19958,19958
20014,19965,19958
19916,19959,19958
19996,19963,19958
19919,19958,19958
20014,19965,19958
19915,19959,19958
20003,19964,19958
19910,19958,19958
20006,19964,19958
19938,19961,19958
19991,19964,19958
19916,19958,19958
20004,19963,19958
19937,19960,19958
19990,19963,19958
19922,19958,19958
20003,19963,19958
19929,19959,19958
20001,19964,19958
19920,19959,19958
19991,19963,19958
19924,19959,19958
20007,19965,19958
19920,19960,19958
20007,19965,19958
19920,19960,19958
20002,19965,19958
19908,19958,19958
20004,19963,19958
19923,19958,19958
20007,19964,19958
19926,19960,19958
20001,19965,19958
19915,19959,19958
20008,19965,19958
19924,19960,19958
20003,19965,19958
19924,19960,19958
19993,19964,19958
19926,19960,19958
20002,19965,19958
19921,19960,19958
19998,19964,19958
19924,19959,19958
20000,19964,19958
19918,19959,19958
20005,19964,19958
19924,19959,19958
20004,19964,19958
19924,19959,19958
19999,19964,19958
19921,19959,19958
20003,19964,19958
19916,19958,19958
20013,19964,19958
19920,19959,19958
19996,19963,19958
19921,19958,19958
20003,19963,19958
19925,19959,19958
20001,19964,19958
19927,19960,19958
20001,19965,19958
19919,19960,19958
19995,19964,19958
19927,19960,19958
20005,19965,19958
19926,19961,19958
20002,19966,19959
19922,19961,19959
19993,19965,19959
19926,19961,19959
20002,19966,19959
19927,19962,19959
19992,19965,19959
19922,19960,19959
20014,19966,19959
19925,19961,19959
19994,19965,19959
19916,19959,19959
19998,19963,19959
19927,19959,19959
20008,19965,19959
19920,19960,19959
20008,19966,19959
19915,19960,19959
20008,19966,19959
19922,19961,19959
20006,19966,19959
19914,19960,19959
19998,19964,19959
19926,19960,19959
20013,19966,19959
19916,19960,19959
20002,19965,19959
19910,19959,19959
20017,19966,19959
19922,19961,19959
19998,19965,19959
19928,19961,19959
20007,19966,19959
19906,19959,19959
20005,19964,19959
19921,19959,19959
20003,19964,19959
19929,19960,19959
20001,19965,19959
19927,19961,19959
19998,19965,19959
19920,19960,19959
20002,19965,19959
19917,19959,19959
20009,19965,19959
19922,19960,19959
20003,19965,19959
19931,19961,19959
19991,19964,19959
19926,19960,19959
20003,19965,19959
19921,19960,19959
20002,19965,19959
19930,19961,19959
19994,19965,19959
19929,19961,19959
20004,19966,19959
19918,19960,19959
19991,19963,19959
19932,19960,19959
19997,19964,19959
19931,19960,19959
19997,19964,19959
19925,19960,19959
20000,19965,19959
19932,19961,19959
19998,19965,19959
19924,19960,19959
20007,19965,19959
19924,19960,19959
20001,19965,19959
19919,19960,19959
20007,19965,19959
19913,19959,19959
20009,19965,19959
19927,19961,19959
20002,19966,19959
19913,19960,19959
20013,19966,19959
19930,19962,19959
19978,19964,19959
19924,19959,19959
20008,19965,19959
19925,19960,19959
20005,19965,19959
19919,19960,19959
20008,19966,19959
19915,19960,19959
20005,19965,19959
19924,19960,19959
20002,19965,19959
19925,19960,19959
20015,19966,19959
19910,19959,19959
19998,19963,19959
19922,19958,19959
20007,19964,19959
19917,19959,19959
20004,19964,19959
19923,19959,19959
20007,19965,19959
19923,19960,19959
20005,19965,19959
19921,19960,19959
20007,19965,19959
19918,19960,19959
20006,19965,19959
19917,19959,19959
20009,19965,19959
19925,19960,19959
20011,19966,19959
19910,19959,19959
20006,19964,19959
19921,19959,19959
20002,19964,19959
19929,19960,19959
20005,19965,19959
19921,19960,19959
19999,19964,19959
19924,19959,19959
20015,19966,19959
19909,19959,19959
20003,19964,19959
19921,19959,19959
20008,19965,19959
19925,19960,19959
19995,19964,19959
19929,19960,19959
20002,19965,19959
19919,19960,19959
20002,19965,19959
19920,19960,19959
20005,19965,19959
19918,19960,19959
20011,19966,19959
19923,19961,19959
20002,19966,19959
19925,19961,19959
20006,19966,19959
19915,19960,19959
20011,19966,19959
19927,19962,19959
20002,19967,19960
19921,19962,19960
20001,19966,19960
19919,19961,19960
20009,19967,19960
19925,19962,19960
19997,19966,19960
19913,19960,19960
20010,19966,19960
19933,19962,19960
19999,19966,19960
19923,19961,19960
19999,19965,19960
19928,19961,19960
20003,19966,19960
19912,19960,19960
20011,19966,19960
19929,19962,19960
20004,19967,19960
19922,19962,19960
20004,19967,19960
19926,19962,19960
20015,19968,19961
19913,19962,19961
19998,19966,19961
19931,19962,19961
20009,19967,19961
19926,19962,19961
19997,19966,19961
19914,19960,19961
20012,19966,19961
19932,19962,19961
19999,19966,19961
19932,19962,19961
20000,19966,19961
19918,19960,19961
20015,19966,19961
19915,19960,19961
19997,19964,19961
19916,19958,19961
20022,19966,19961
19924,19961,19961
19993,19965,19961
19926,19961,19961
20010,19967,19961
19928,19963,19961
20008,19968,19961
19914,19962,19961
20004,19967,19961
19928,19963,19961
20007,19968,19961
19914,19962,19961
20018,19969,19962
19908,19962,19962
20007,19967,19962
19920,19962,19962
20012,19968,19962
19919,19962,19962
20004,19967,19962
19922,19962,19962
20019,19969,19962
19912,19962,19962
20004,19967,19962
19916,19961,19962
20026,19969,19962
19913,19962,19962
20002,19967,19962
19917,19961,19962
20006,19966,19962
19923,19961,19962
20000,19965,19962
19927,19961,19962
20009,19967,19962
19925,19962,19962
20007,19967,19962
19918,19961,19962
20003,19966,19962
19926,19961,19962
20009,19967,19962
19923,19962,19962
20002,19967,19962
19930,19963,19962
20001,19967,19962
19922,19962,19962
20012,19968,19962
19922,19963,19962
19999,19967,19962
19919,19961,19962
20000,19965,19962
19932,19961,19962
20006,19966,19962
19927,19962,19962
20003,19967,19962
19917,19961,19962
20006,19966,19962
19932,19962,19962
20001,19966,19962
19920,19961,19962
20009,19967,19962
19931,19963,19962
19998,19967,19962
19910,19960,19962
20012,19966,19962
19927,19962,19962
20009,19967,19962
19906,19960,19962
20006,19965,19962
19928,19961,19962
20010,19967,19962
19918,19961,19962
19996,19965,19962
19928,19961,19962
20017,19968,19962
19924,19963,19962
20004,19968,19962
19917,19962,19962
20013,19968,19962
19921,19963,19962
20013,19969,19962
19908,19962,19962
20005,19967,19962
19929,19963,19962
19999,19967,19962
19920,19962,19962
19994,19966,19962
19933,19962,19962
20005,19967,19962
19932,19963,19962
20002,19967,19962
19923,19962,19962
20016,19968,19962
19914,19962,19962
20001,19966,19962
19919,19961,19962
19997,19965,19962
19938,19962,19962
20005,19967,19962
19929,19963,19962
19993,19966,19962
19925,19961,19962
20020,19968,19962
19913,19962,19962
20006,19967,19962
19917,19961,19962
20013,19967,19962
19926,19962,19962
20003,19967,19962
19912,19961,19962
20011,19967,19962
19915,19961,19962
20017,19968,19962
19914,19962,19962
20006,19967,19962
19919,19961,19962
20015,19967,19962
19923,19962,19962
19999,19966,19962
19919,19961,19962
20017,19968,19962
19916,19962,19962
19990,19965,19962
19925,19960,19962
20007,19965,19962
19935,19962,19962
20005,19967,19962
19923,19962,19962
20000,19966,19962
19935,19963,19962
19997,19967,19962
19923,19962,19962
19998,19966,19962
19930,19962,19962
19999,19966,19962
19924,19961,19962
20006,19966,19962
19932,19962,19962
19993,19965,19962
19930,19961,19962
19998,19965,19962
19925,19960,19962
20003,19965,19962
19931,19961,19962
19992,19964,19962
19920,19959,19962
20011,19965,19962
19922,19960,19962
19999,19964,19962
19929,19960,19962
20001,19965,19962
19928,19961,19962
19996,19965,19962
19922,19960,19962
20017,19967,19962
19921,19962,19962
20001,19966,19962
19924,19961,19962
20002,19966,19962
19920,19961,19962
20013,19967,19962
19908,19960,19962
19998,19964,19962
19927,19960,19962
20006,19965,19962
19920,19960,19962
20007,19965,19962
19925,19960,19962
19997,19964,19962
19924,19959,19962
20006,19964,19962
19922,19959,19962
20013,19965,19962
19909,19958,19962
20009,19964,19962
19933,19961,19962
19998,19965,19962
19923,19960,19962
19995,19964,19962
19929,19960,19962
20005,19965,19962
19923,19960,19962
19993,19964,19962
19924,19959,19962
20015,19966,19962
19922,19961,19962
19989,19964,19962
19922,19959,19962
20011,19965,19962
19922,19960,19962
20003,19965,19962
19915,19959,19962
20002,19964,19962
19924,19959,19962
20008,19965,19962
19924,19960,19962
20012,19966,19962
19921,19961,19962
20005,19966,19962
19921,19961,19962
20000,19965,19962
19909,19958,19962
20010,19964,19962
19917,19959,19962
20009,19965,19962
19919,19960,19962
20007,19965,19962
19906,19958,19962
20014,19965,19962
19929,19961,19962
19995,19965,19962
19922,19960,19962
20013,19966,19962
19937,19963,19962
19998,19967,19962
19912,19961,19962
20012,19967,19962
19918,19961,19962
20000,19965,19962
19919,19960,19962
20001,19965,19962
19923,19960,19962
20001,19965,19962
19923,19960,19962
20000,19965,19962
19922,19960,19962
20005,19965,19962
19920,19960,19962
20005,19965,19962
19925,19960,19962
20000,19965,19962
19924,19960,19962
20007,19965,19962
19926,19961,19962
20001,19966,19962
19929,19962,19962
19999,19966,19962
19915,19960,19962
20003,19965,19962
19923,19960,19962
20007,19965,19962
19918,19960,19962
20002,19965,19962
19924,19960,19962
20012,19966,19962
19907,19959,19962
20006,19964,19962
19909,19958,19962
20003,19963,19962
19917,19958,19962
20009,19964,19962
19920,19959,19962
20008,19965,19962
19919,19960,19962
19994,19964,19962
19920,19959,19962
20020,19966,19962
19917,19960,19962
19992,19964,19962
19922,19959,19962
20009,19965,19962
19917,19959,19962
19992,19963,19962
19931,19959,19962
20005,19964,19962
19925,19960,19962
19993,19964,19962
19927,19960,19962
20005,19965,19962
19920,19960,19962
19996,19964,19962
19931,19960,19962
20001,19965,19962
19925,19960,19962
20001,19965,19962
19924,19960,19962
20008,19966,19962
19922,19961,19962
20000,19965,19962
19919,19960,19962
19998,19964,19962
19929,19960,19962
19998,19964,19962
19921,19959,19962
19994,19963,19962
19934,19960,19962
19997,19964,19962
19922,19959,19962
19999,19964,19962
19933,19961,19962
19996,19965,19962
19922,19960,19962
19999,19964,19962
19924,19959,19962
20006,19964,19962
19921,19959,19962
20005,19964,19962
19917,19959,19962
20006,19964,19962
19919,19959,19962
20004,19964,19962
19914,19958,19962
20015,19965,19962
19901,19957,19962
20022,19965,19962
19919,19960,19962
20001,19965,19962
19920,19960,19962
20017,19967,19962
19912,19961,19962
20000,19965,19962
19920,19960,19962
19997,19964,19962
19936,19961,19962
20004,19966,19962
19907,19959,19962
20006,19964,19962
19924,19959,19962
20012,19965,19962
19915,19959,19962
20000,19964,19962
19913,19958,19962
20020,19965,19962
19909,19958,19962
20017,19965,19962
19920,19960,19962
20005,19965,19962
19901,19957,19962
20011,19963,19962
19927,19959,19962
20006,19964,19962
19905,19957,19962
20002,19962,19962
19926,19958,19962
20008,19964,19962
19926,19960,19962
20010,19966,19962
19903,19959,19962
20013,19965,19962
19927,19961,19962
20007,19966,19962
19910,19959,19962
20004,19964,19962
19928,19960,19962
20011,19966,19962
19909,19959,19962
19998,19963,19962
19929,19959,19962
20017,19966,19962
19911,19960,19962
19994,19964,19962
19920,19959,19962
20012,19965,19962
19921,19960,19962
19986,19963,19962
19925,19959,19962
20017,19966,19962
19922,19961,19962
20002,19966,19962
19922,19961,19962
20005,19966,19962
19921,19961,19962
19996,19965,19962
19913,19959,19962
20010,19965,19962
19925,19960,19962
20005,19965,19962
19921,19960,19962
19999,19964,19962
19927,19960,19962
20004,19965,19962
19921,19960,19962
20004,19965,19962
19933,19961,19962
20005,19966,19962
19917,19960,19962
20002,19965,19962
19922,19960,19962
19998,19964,19962
19922,19959,19962
20014,19965,19962
19912,19959,19962
19997,19963,19962
19931,19959,19962
20015,19966,19962
19911,19960,19962
20003,19965,19962
19920,19960,19962
19999,19964,19962
19932,19960,19962
20005,19965,19962
19921,19960,19962
19993,19964,19962
19926,19960,19962
19998,19964,19962
19922,19959,19962
20004,19964,19962
19925,19960,19962
20007,19965,19962
19931,19961,19962
19997,19965,19962
19911,19959,19962
20004,19964,19962
19937,19961,19962
20001,19966,19962
19921,19961,19962
19999,19965,19962
19928,19961,19962
20011,19967,19962
19918,19961,19962
20003,19966,19962
19918,19960,19962
20006,19965,19962
19916,19959,19962
20009,19965,19962
19926,19961,19962
19998,19965,19962
19922,19960,19962
20002,19965,19962
19934,19962,19962
20005,19967,19962
19916,19961,19962
20004,19966,19962
19912,19960,19962
20013,19966,19962
19917,19960,19962
20007,19965,19962
19918,19960,19962
20008,19966,19962
19922,19961,19962
19991,19964,19962
19917,19959,19962
20020,19966,19962
19928,19962,19962
19992,19965,19962
19923,19960,19962
20017,19967,19962
19924,19962,19962
19993,19965,19962
19924,19960,19962
20000,19965,19962
19922,19960,19962
20010,19966,19962
19918,19960,19962
20000,19965,19962
19928,19961,19962
20000,19965,19962
19919,19960,19962
20002,19965,19962
19932,19961,19962
20002,19966,19962
19916,19960,19962
20009,19966,19962
19915,19960,19962
20006,19965,19962
19929,19961,19962
19999,19965,19962
19926,19961,19962
19995,19965,19962
19923,19960,19962
20013,19966,19962
19917,19960,19962
19991,19963,19962
19930,19959,19962
20010,19965,19962
19921,19960,19962
20002,19965,19962
19918,19960,19962
20004,19965,19962
19921,19960,19962
20007,19965,19962
19905,19958,19962
20012,19964,19962
19923,19959,19962
20001,19964,19962
19919,19959,19962
20006,19964,19962
19925,19960,19962
20004,19965,19962
19906,19958,19962
20010,19964,19962
19928,19960,19962
20003,19965,19962
19919,19960,19962
19995,19964,19962
19926,19960,19962
20006,19965,19962
19926,19961,19962
20002,19966,19962
19922,19961,19962
20009,19967,19962
19923,19962,19962
20003,19967,19962
19913,19961,19962
20004,19966,19962
19931,19962,19962
20006,19967,19962
19908,19960,19962
20015,19966,19962
19919,19961,19962
20001,19966,19962
19925,19961,19962
20000,19965,19962
19924,19960,19962
20009,19966,19962
19919,19961,19962
19997,19965,19962
19924,19960,19962
20008,19966,19962
19909,19959,19962
19999,19964,19962
19938,19961,19962
20002,19966,19962
19910,19959,19962
20013,19965,19962
19920,19960,19962
20007,19965,19962
19913,19959,19962
20003,19964,19962
19929,19960,19962
20000,19965,19962
19914,19959,19962
20006,19964,19962
19930,19960,19962
20001,19965,19962
19924,19960,19962
20003,19965,19962
19911,19959,19962
20007,19965,19962
19923,19960,19962
20004,19965,19962
19925,19960,19962
20004,19965,19962
19918,19960,19962
20012,19966,19962
19921,19961,19962
19987,19964,19962
19923,19959,19962
20012,19965,19962
19915,19959,19962
20003,19964,19962
19916,19958,19962
19998,19963,19962
19930,19959,19962
20010,19965,19962
19921,19960,19962
19987,19963,19962
19930,19959,19962
20010,19965,19962
19915,19959,19962
19993,19963,19962
19920,19958,19962
20017,19965,19962
19918,19960,19962
19983,19962,19962
19936,19959,19962
20007,19965,19962
19923,19960,19962
20004,19965,19962
19918,19960,19962
20001,19965,19962
19926,19961,19962
20006,19966,19962
19906,19959,19962
19999,19964,19962
19925,19960,19962
20015,19966,19962
19911,19960,19962
20006,19965,19962
19921,19960,19962
20001,19965,19962
19924,19960,19962
19997,19964,19962
19918,19959,19962
20008,19965,19962
19925,19960,19962
20000,19965,19962
19920,19960,19962
19996,19964,19962
19918,19959,19962
20002,19964,19962
19922,19959,19962
20010,19965,19962
19921,19960,19962
19998,19964,19962
19916,19958,19962
20010,19964,19962
19920,19959,19962
19997,19963,19962
19918,19958,19962
20004,19963,19962
19916,19958,19962
20000,19963,19962
19938,19960,19962
20000,19965,19962
19910,19959,19962
20017,19966,19962
19910,19959,19962
20010,19965,19962
19903,19958,19962
20015,19965,19962
19922,19960,19962
20003,19965,19962
19912,19959,19962
20002,19964,19962
19919,19959,19962
20010,19965,19962
19924,19960,19962
20004,19965,19962
19908,19958,19962
20005,19963,19962
19912,19957,19962
19997,19962,19962
19921,19957,19962
19999,19962,19962
19927,19958,19962
20007,19964,19962
19924,19959,19962
19996,19963,19962
19921,19958,19962
19994,19962,19962
19924,19958,19962
20006,19964,19962
19925,19960,19962
19983,19962,19962
19922,19957,19962
20009,19963,19962
19913,19957,19962
19994,19961,19962
19919,19956,19962
20012,19963,19962
19931,19959,19962
19990,19962,19962
19917,19957,19962
20008,19963,19962
19916,19958,19962
20004,19963,19962
19917,19958,19962
19997,19962,19962
19923,19958,19962
19998,19963,19962
19918,19958,19962
20003,19963,19962
19922,19958,19962
20005,19963,19962
19902,19956,19962
20017,19963,19962
19918,19958,19962
19998,19963,19962
19907,19956,19962
20007,19962,19962
19924,19958,19962
20001,19963,19962
19917,19958,19962
20002,19963,19962
19924,19959,19962
20005,19964,19962
19918,19959,19962
19999,19964,19962
19917,19959,19962
20003,19964,19962
19920,19959,19962
20011,19965,19962
19919,19960,19962
20002,19965,19962
19907,19958,19962
20012,19964,19962
19926,19960,19962
19993,19964,19962
19912,19958,19962
20008,19964,19962
19920,19959,19962
20003,19964,19962
19906,19957,19962
20008,19963,19962
19923,19958,19962
20006,19964,19962
19914,19958,19962
20002,19963,19962
19926,19959,19962
20010,19965,19962
19910,19959,19962
20005,19964,19962
19915,19958,19962
20007,19964,19962
19908,19957,19962
20006,19963,19962
19909,19957,19962
20011,19963,19962
19926,19959,19962
19998,19963,19962
19907,19956,19962
20010,19962,19962
19922,19957,19962
20007,19963,19962
19909,19957,19962
20005,19963,19962
19922,19958,19962
19997,19962,19962
19916,19957,19962
20014,19964,19962
19914,19958,19962
19999,19963,19962
19920,19958,19962
20004,19963,19962
19920,19958,19962
19993,19962,19962
19927,19958,19962
20005,19963,19962
19919,19958,19962
19993,19962,19962
19931,19959,19962
19995,19963,19962
19931,19959,19962
19993,19963,19962
19918,19958,19962
20002,19963,19962
19923,19958,19962
20000,19963,19962
19918,19958,19962
20002,19963,19962
19915,19957,19962
20011,19963,19962
19913,19957,19962
20005,19963,19962
19908,19957,19962
19998,19962,19962
19928,19958,19962
19996,19962,19962
19915,19957,19962
20007,19963,19962
19915,19957,19962
20000,19962,19962
19923,19958,19962
19996,19962,19962
19927,19958,19962
20005,19963,19962
19922,19958,19962
20001,19963,19962
19916,19958,19962
20003,19963,19962
19919,19958,19962
20001,19963,19962
19917,19958,19962
20007,19964,19962
19918,19959,19962
20003,19964,19962
19915,19958,19962
20006,19964,19962
19904,19957,19962
19999,19962,19962
19931,19959,19962
20008,19965,19962
19915,19959,19962
19997,19963,19962
19917,19958,19962
19998,19963,19962
19924,19959,19962
19996,19963,19962
19914,19957,19962
20011,19963,19962
19922,19958,19962
19988,19961,19962
19916,19956,19962
20005,19962,19962
19915,19957,19962
20006,19963,19962
19920,19958,19962
20002,19963,19962
19925,19959,19962
19995,19963,19962
19910,19957,19962
20014,19964,19962
19920,19959,19962
19996,19963,19962
19917,19958,19962
19996,19962,19962
19926,19958,19962
20003,19963,19962
19914,19957,19962
20020,19964,19962
19900,19956,19962
20003,19961,19962
19920,19956,19962
20003,19961,19962
19908,19955,19962
20001,19960,19962
19919,19955,19962
20009,19961,19962
19914,19956,19962
19997,19961,19962
19912,19955,19962
20008,19961,19962
19923,19957,19962
19994,19961,19962
19913,19955,19962
20010,19961,19962
19919,19956,19962
19998,19961,19962
19917,19956,19962
19999,19961,19962
19925,19957,19962
19999,19962,19962
19918,19957,19962
19997,19962,19962
19918,19957,19962
20010,19963,19962
19910,19957,19962
20002,19962,19962
19917,19957,19962
19994,19961,19962
19923,19957,19962
20007,19963,19962
19918,19958,19962
19993,19962,19962
19911,19956,19962
20006,19962,19962
19919,19957,19962
20005,19963,19962
19915,19957,19962
20009,19963,19962
19898,19955,19962
20015,19962,19962
19910,19956,19962
20005,19962,19962
19916,19957,19962
19999,19962,19962
19917,19957,19962
20003,19962,19962
19897,19954,19961
20017,19961,19961
19922,19957,19961
19996,19961,19961
19916,19956,19961
20000,19961,19961
19930,19958,19961
19994,19962,19961
19909,19956,19961
20006,19962,19961
19927,19958,19961
20005,19963,19961
19903,19956,19961
19988,19960,19961
19928,19956,19961
20013,19963,19961
19906,19956,19961
19992,19960,19961
19938,19958,19961
19990,19962,19961
19926,19958,19961
19993,19962,19961
19916,19957,19961
20004,19962,19961
19919,19957,19961
19983,19960,19961
19921,19956,19961
20002,19961,19961
19926,19957,19961
19982,19960,19961
19931,19957,19961
20001,19962,19961
19928,19958,19961
19984,19961,19961
19917,19956,19961
20002,19961,19961
19921,19956,19961
20007,19962,19961
19906,19955,19961
20012,19962,19961
19918,19957,19961
19999,19962,19961
19916,19957,19961
20004,19962,19961
19911,19956,19961
19997,19961,19961
19910,19955,19961
20008,19961,19961
19922,19957,19961
19997,19962,19961
19919,19957,19961
20006,19963,19961
19917,19958,19961
19997,19962,19961
19919,19957,19961
20002,19962,19961
19925,19958,19961
20000,19963,19961
19916,19958,19961
19992,19962,19961
19933,19959,19961
19980,19961,19961
19923,19957,19961
20005,19963,19961
19924,19959,19961
19984,19962,19961
19924,19958,19961
19997,19962,19961
19923,19958,19961
19998,19963,19961
19911,19957,19961
20005,19963,19961
19918,19958,19961
19998,19963,19961
19919,19958,19961
19995,19962,19961
19927,19958,19961
19989,19961,19961
19913,19955,19961
20009,19961,19961
19915,19956,19961
20010,19962,19961
19904,19955,19961
20007,19961,19961
19917,19956,19961
20004,19962,19961
19914,19956,19961
19999,19961,19961
19906,19955,19961
20010,19961,19961
19925,19957,19961
20001,19962,19961
19908,19956,19961
20008,19962,19961
19909,19956,19961
20002,19961,19961
19916,19956,19961
19995,19960,19961
19919,19955,19961
20008,19961,19961
19918,19956,19961
19991,19960,19961
19916,19955,19961
20006,19961,19961
19906,19955,19961
20005,19961,19961
19915,19956,19961
20002,19961,19961
19919,19956,19961
19985,19959,19961
19928,19956,19961
20002,19961,19961
19918,19956,19961
19998,19961,19961
19912,19955,19961
19999,19960,19961
19916,19955,19961
20001,19960,19961
19917,19955,19961
19998,19960,19961
19921,19956,19961
19997,19961,19961
19917,19956,19961
19996,19961,19961
19918,19956,19961
19987,19959,19961
19928,19956,19961
20002,19961,19961
19919,19956,19961
19997,19961,19961
19913,19955,19961
20007,19961,19961
19907,19955,19961
20007,19961,19961
19911,19955,19961
20011,19962,19961
19916,19957,19961
19988,19960,19961
19918,19955,19961
19991,19959,19961
19935,19956,19961
20001,19961,19961
19899,19954,19961
19996,19959,19961
19928,19956,19961
20001,19961,19961
19911,19955,19961
19996,19960,19961
19907,19954,19961
20020,19962,19961
19921,19957,19961
19974,19959,19961
19922,19955,19961
20017,19962,19961
19914,19956,19961
19998,19961,19961
19914,19956,19961
20007,19962,19961
19906,19955,19961
20003,19961,19961
19914,19956,19961
20004,19962,19961
19917,19957,19961
20001,19962,19961
19898,19954,19961
20013,19961,19961
19911,19955,19961
20003,19961,19961
19914,19956,19961
20006,19962,19961
19907,19956,19961
20000,19961,19961
19918,19956,19961
20007,19962,19961
19910,19956,19961
20005,19962,19961
19912,19956,19961
20003,19961,19961
19906,19955,19961
20000,19960,19961
19915,19955,19961
20009,19961,19961
19913,19955,19961
19998,19960,19961
19910,19954,19961
20001,19959,19961
19922,19955,19961
19996,19960,19961
19916,19955,19961
19992,19959,19961
19922,19955,19961
19994,19959,19961
19916,19954,19961
20001,19959,19961
19918,19954,19961
20002,19960,19961
19911,19954,19961
19997,19959,19961
19917,19954,19961
20003,19960,19961
19928,19956,19961
19988,19960,19961
19916,19955,19961
19999,19960,19961
19931,19957,19961
19982,19960,19961
19908,19954,19961
20004,19960,19961
19926,19956,19961
19997,19961,19961
19902,19954,19961
20006,19960,19961
19923,19956,19961
20008,19962,19961
19903,19955,19961
19994,19959,19961
19922,19955,19961
20004,19961,19961
19905,19954,19961
20002,19960,19961
19904,19953,19960
20006,19959,19960
19918,19954,19960
20003,19960,19960
19907,19954,19960
20005,19960,19960
19918,19955,19960
19995,19960,19960
19914,19955,19960
19996,19960,19960
19921,19956,19960
20001,19961,19960
19910,19955,19960
20005,19961,19960
19914,19956,19960
19995,19960,19960
19904,19953,19960
20013,19960,19960
19903,19953,19960
19996,19958,19960
19928,19955,19960
19999,19960,19960
19929,19957,19960
19990,19961,19960
19908,19955,19960
20000,19960,19960
19928,19956,19960
19992,19960,19960
19912,19954,19960
19990,19958,19960
19923,19954,19960
19998,19959,19960
19914,19954,19960
19996,19959,19960
19919,19954,19960
20001,19959,19960
19909,19953,19960
20001,19959,19960
19915,19954,19960
20002,19960,19960
19908,19954,19960
19998,19959,19960
19919,19954,19960
20001,19959,19960
19903,19952,19959
20011,19959,19959
19914,19954,19959
20002,19960,19959
19913,19955,19959
19994,19959,19959
19908,19953,19959
20010,19960,19959
19912,19954,19959
19993,19958,19959
19924,19954,19959
20001,19959,19959
19917,19954,19959
19990,19958,19959
19918,19953,19959
20012,19960,19959
19907,19954,19959
19992,19958,19959
19921,19954,19959
19993,19958,19959
19919,19954,19959
19998,19959,19959
19916,19954,19959
19983,19957,19959
19923,19953,19959
19995,19958,19959
19915,19953,19959
20000,19958,19959
19914,19953,19959
20002,19959,19959
19920,19955,19959
19990,19959,19959
19910,19953,19959
20005,19959,19959
19917,19954,19959
19987,19958,19959
19914,19953,19959
20003,19959,19959
19914,19954,19959
20009,19960,19959
19903,19953,19959
19993,19958,19959
19921,19954,19959
20004,19960,19959
19919,19955,19959
19995,19960,19959
19909,19954,19959
20009,19960,19959
19911,19954,19959
20000,19959,19959
19904,19953,19959
20008,19959,19959
19919,19954,19959
19997,19959,19959
19905,19953,19959
19996,19958,19959
19923,19954,19959
20001,19959,19959
19907,19953,19959
19996,19958,19959
19922,19954,19959
19998,19959,19959
19909,19953,19959
19995,19958,19959
19918,19953,19959
20000,19958,19959
19921,19954,19959
19986,19958,19959
19917,19953,19959
19995,19958,19959
19924,19954,19959
19995,19959,19959
19911,19953,19959
20001,19959,19959
19919,19954,19959
20002,19960,19959
19901,19953,19959
20000,19958,19959
19916,19953,19959
19999,19958,19959
19906,19952,19959
20005,19958,19959
19917,19953,19959
20001,19959,19959
19900,19952,19959
19993,19957,19959
19907,19951,19958
20005,19957,19958
19917,19952,19958
19999,19957,19958
19915,19952,19958
20000,19958,19958
19917,19953,19958
20004,19959,19958
19905,19953,19958
20005,19959,19958
19912,19954,19958
19993,19958,19958
19913,19953,19958
20005,19959,19958
19908,19953,19958
19998,19958,19958
19915,19953,19958
19995,19958,19958
19917,19953,19958
20006,19959,19958
19906,19953,19958
19998,19958,19958
19907,19952,19958
20002,19958,19958
19926,19954,19958
19987,19958,19958
19912,19953,19958
19998,19958,19958
19925,19954,19958
19979,19957,19958
19930,19954,19958
19995,19959,19958
19919,19954,19958
19988,19958,19958
19909,19952,19958
20005,19958,19958
19910,19952,19958
20003,19958,19958
19914,19953,19958
19997,19958,19958
19913,19953,19958
20006,19959,19958
19913,19954,19958
19983,19957,19958
19924,19953,19958
20004,19959,19958
19917,19954,19958
19996,19959,19958
19906,19953,19958
20003,19959,19958
19908,19953,19958
20004,19959,19958
19920,19955,19958
19998,19960,19958
19910,19954,19958
20003,19960,19958
19914,19955,19958
19980,19958,19958
19923,19954,19958
20010,19961,19958
19917,19956,19958
19991,19960,19958
19922,19956,19958
19994,19960,19958
19918,19955,19958
19985,19958,19958
19931,19955,19958
19991,19959,19958
19909,19953,19958
19992,19957,19958
19926,19954,19958
19991,19958,19958
19922,19954,19958
19994,19959,19958
19912,19954,19958
19998,19959,19958
19911,19953,19958
19998,19958,19958
19920,19954,19958
19989,19958,19958
19927,19955,19958
19997,19960,19958
19914,19955,19958
19995,19960,19958
19910,19954,19958
20015,19961,19958
19904,19954,19958
20003,19960,19958
19916,19955,19958
19992,19959,19958
19915,19954,19958
20001,19959,19958
19903,19952,19958
20002,19958,19958
19915,19953,19958
19998,19958,19958
19917,19953,19958
19997,19958,19958
19921,19954,19958
19999,19959,19958
19910,19953,19958
19992,19957,19958
19916,19952,19958
20002,19958,19958
19912,19953,19958
19996,19958,19958
19918,19953,19958
20000,19958,19958
19924,19954,19958
19986,19958,19958
19911,19953,19958
20007,19959,19958
19920,19955,19958
19981,19958,19958
19919,19954,19958
19999,19959,19958
19920,19955,19958
19989,19959,19958
19923,19955,19958
19992,19959,19958
19909,19953,19958
20001,19959,19958
19925,19955,19958
19991,19959,19958
19920,19955,19958
19992,19959,19958
19922,19955,19958
19998,19960,19958
19915,19955,19958
19994,19959,19958
19912,19954,19958
20003,19960,19958
19914,19955,19958
19999,19960,19958
19901,19953,19958
19995,19958,19958
19920,19954,19958
20000,19959,19958
19914,19954,19958
20003,19960,19958
19911,19954,19958
20004,19960,19958
19915,19955,19958
19997,19960,19958
19911,19954,19958
20008,19960,19958
19911,19954,19958
19987,19958,19958
19923,19954,19958
20008,19960,19958
19914,19955,19958
19987,19959,19958
19913,19954,19958
20003,19960,19958
19915,19955,19958
19993,19959,19958
19924,19955,19958
19999,19960,19958
19921,19956,19958
19985,19959,19958
19921,19955,19958
19993,19959,19958
19931,19956,19958
19988,19960,19958
19913,19955,19958
20001,19960,19958
19926,19956,19958
19985,19959,19958
19919,19954,19958
19999,19959,19958
19917,19954,19958
19996,19959,19958
19918,19954,19958
19990,19958,19958
19921,19954,19958
20000,19959,19958
19914,19954,19958
20001,19959,19958
19912,19954,19958
20002,19960,19958
19916,19955,19958
19994,19959,19958
19902,19952,19958
20007,19958,19958
19928,19955,19958
19991,19959,19958
19903,19952,19958
20001,19958,19958
19916,19953,19958
20002,19959,19958
19913,19954,19958
20001,19959,19958
19915,19954,19958
19998,19959,19958
19920,19955,19958
19988,19959,19958
19927,19955,19958
19998,19960,19958
19907,19954,19958
19997,19959,19958
19922,19955,19958
20001,19960,19958
19915,19955,19958
19992,19959,19958
19916,19954,19958
20014,19961,19958
19910,19955,19958
19988,19959,19958
19916,19954,19958
20006,19960,19958
19909,19954,19958
20000,19959,19958
19915,19954,19958
19998,19959,19958
19913,19954,19958
19996,19959,19958
19920,19955,19958
19996,19960,19958
19912,19954,19958
20000,19959,19958
19921,19955,19958
19996,19960,19958
19914,19955,19958
20000,19960,19958
19910,19954,19958
19996,19959,19958
19916,19954,19958
20002,19960,19958
19914,19955,19958
19994,19959,19958
19916,19954,19958
20005,19960,19958
19915,19955,19958
19994,19959,19958
19921,19955,19958
19997,19960,19958
19913,19955,19958
20000,19960,19958
19919,19955,19958
19990,19959,19958
19921,19955,19958
20000,19960,19958
19916,19955,19958
19992,19959,19958
19916,19954,19958
19997,19959,19958
19926,19955,19958
19984,19958,19958
19922,19954,19958
19998,19959,19958
19918,19954,19958
19997,19959,19958
19917,19954,19958
19998,19959,19958
19924,19955,19958
19993,19959,19958
19907,19953,19958
20000,19958,19958
19917,19953,19958
20001,19959,19958
19920,19955,19958
19988,19959,19958
19920,19955,19958
19996,19960,19958
19924,19956,19958
19992,19960,19958
19913,19955,19958
19998,19960,19958
19920,19955,19958
20006,19961,19958
19899,19954,19958
20005,19960,19958
19920,19955,19958
19994,19959,19958
19918,19954,19958
19999,19959,19958
19911,19953,19958
19996,19958,19958
19914,19953,19958
19996,19958,19958
19921,19954,19958
20007,19960,19958
19900,19953,19958
20005,19959,19958
19915,19954,19958
19997,19959,19958
19918,19954,19958
19985,19957,19958
19919,19953,19958
19999,19958,19958
19919,19954,19958
19997,19959,19958
19916,19954,19958
20002,19960,19958
19918,19955,19958
19999,19960,19958
19911,19954,19958
20004,19960,19958
19914,19955,19958
19996,19960,19958
19908,19954,19958
20014,19961,19958
19910,19955,19958
19998,19960,19958
19907,19954,19958
20000,19959,19958
19915,19954,19958
19997,19959,19958
19920,19955,19958
19998,19960,19958
19918,19955,19958
19996,19960,19958
19911,19954,19958
19995,19959,19958
19915,19954,19958
20004,19960,19958
19916,19955,19958
19996,19960,19958
19917,19955,19958
20010,19961,19958
19910,19955,19958
19989,19959,19958
19915,19954,19958
20010,19961,19958
19910,19955,19958
19999,19960,19958
19906,19954,19958
19994,19959,19958
19923,19955,19958
20004,19961,19958
19906,19955,19958
19990,19959,19958
19925,19955,19958
20001,19960,19958
19922,19956,19958
19984,19959,19958
19919,19954,19958
20008,19960,19958
19910,19954,19958
19988,19958,19958
19927,19955,19958
19998,19960,19958
19919,19955,19958
19988,19959,19958
19922,19955,19958
19990,19959,19958
19927,19955,19958
20002,19960,19958
19917,19955,19958
19978,19957,19958
19921,19953,19958
20004,19959,19958
19915,19954,19958
20001,19959,19958
19913,19954,19958
19994,19959,19958
19912,19954,19958
20011,19961,19958
19897,19953,19958
20014,19960,19958
19914,19955,19958
19997,19960,19958
19918,19955,19958
19997,19960,19958
19912,19954,19958
20001,19959,19958
19917,19954,19958
19992,19958,19958
19925,19954,19958
19997,19959,19958
19917,19954,19958
20000,19959,19958
19915,19954,19958
20005,19960,19958
19905,19954,19958
19993,19958,19958
19923,19954,19958
20005,19960,19958
19907,19954,19958
19985,19957,19958
19926,19954,19958
20001,19959,19958
19917,19954,19958
19986,19958,19958
19926,19954,19958
20008,19960,19958
19893,19952,19958
19998,19957,19958
19932,19954,19958
20003,19960,19958
19904,19953,19958
19990,19957,19958
19926,19954,19958
19997,19959,19958
19917,19954,19958
19980,19957,19958
19918,19953,19958
20005,19959,19958
19923,19955,19958
19983,19958,19958
19916,19953,19958
20012,19960,19958
19920,19955,19958
19998,19960,19958
19903,19953,19958
20001,19959,19958
19922,19955,19958
19997,19960,19958
19920,19955,19958
19996,19960,19958
19910,19954,19958
20004,19960,19958
19921,19956,19958
19996,19961,19958
19909,19955,19958
20004,19961,19958
19912,19955,19958
19989,19959,19958
19925,19955,19958
19992,19959,19958
19927,19955,19958
19996,19960,19958
19911,19954,19958
19996,19959,19958
19921,19955,19958
19993,19959,19958
19920,19955,19958
19996,19960,19958
19915,19955,19958
20002,19960,19958
19918,19955,19958
19998,19960,19958
19907,19954,19958
20012,19961,19958
19914,19956,19958
19995,19960,19958
19900,19953,19958
20002,19959,19958
19912,19954,19958
20004,19960,19958
19915,19955,19958
19999,19960,19958
19915,19955,19958
20000,19960,19958
19918,19955,19958
19995,19960,19958
19908,19954,19958
20003,19960,19958
19913,19955,19958
20009,19961,19958
19894,19953,19958
20013,19960,19958
19899,19953,19958
20009,19960,19958
19922,19956,19958
19994,19960,19958
19916,19955,19958
20003,19961,19958
19907,19955,19958
20003,19961,19958
19912,19955,19958
20000,19960,19958
19913,19955,19958
19994,19959,19958
19912,19954,19958
20000,19959,19958
19914,19954,19958
20006,19960,19958
19904,19953,19958
20010,19960,19958
19906,19954,19958
19996,19959,19958
19916,19954,19958
20007,19960,19958
19910,19954,19958
20008,19960,19958
19900,19953,19958
20007,19959,19958
19921,19955,19958
20001,19960,19958
19913,19955,19958
20004,19961,19958
19907,19955,19958
19999,19960,19958
19914,19955,19958
20003,19961,19958
19910,19955,19958
19999,19960,19958
19904,19953,19958
20003,19959,19958
19924,19955,19958
19999,19960,19958
19902,19953,19958
20009,19960,19958
19912,19954,19958
20002,19960,19958
19909,19954,19958
19985,19957,19958
19924,19953,19958
20009,19960,19958
19910,19954,19958
19994,19959,19958
19907,19953,19958
20012,19960,19958
19918,19955,19958
19987,19959,19958
19917,19954,19958
19999,19959,19958
19916,19954,19958
19992,19958,19958
19918,19953,19958
19991,19957,19958
19928,19954,19958
19999,19959,19958
19917,19954,19958
19995,19959,19958
19912,19954,19958
19992,19958,19958
19925,19954,19958
19981,19957,19958
19917,19952,19958
19996,19957,19958
19932,19954,19958
19993,19958,19958
19904,19952,19958
19994,19957,19958
19933,19954,19958
20001,19959,19958
19905,19953,19958
19993,19958,19958
19918,19953,19958
20008,19959,19958
19910,19953,19958
19989,19957,19958
19907,19951,19958
20008,19958,19958
19928,19955,19958
19993,19959,19958
19918,19954,19958
19991,19958,19958
19917,19953,19958
19998,19958,19958
19911,19953,19958
19999,19958,19958
19922,19954,19958
19994,19959,19958
19912,19954,19958
20005,19960,19958
19915,19955,19958
19999,19960,19958
19916,19955,19958
19993,19959,19958
19912,19954,19958
19999,19959,19958
19911,19953,19958
19995,19958,19958
19930,19955,19958
19995,19960,19958
19894,19952,19958
19999,19957,19958
19909,19951,19958
19994,19956,19958
19918,19952,19958
20002,19958,19958
19924,19954,19958
19992,19958,19958
19923,19954,19958
19991,19958,19958
19923,19954,19958
19992,19958,19958
19915,19953,19958
19995,19958,19958
19929,19955,19958
19985,19958,19958
19918,19953,19958
19999,19958,19958
19925,19954,19958
19995,19959,19958
19893,19951,19958
20008,19958,19958
19931,19955,19958
20002,19960,19958
19898,19953,19958
19997,19958,19958
19915,19953,19958
20007,19959,19958
19919,19954,19958
19998,19959,19958
19913,19954,19958
20000,19959,19958
19917,19954,19958
19997,19959,19958
19902,19952,19958
20007,19958,19958
19908,19952,19958
20002,19958,19958
19916,19953,19958
20003,19959,19958
19911,19953,19958
19993,19958,19958
19924,19954,19958
19995,19959,19958
19914,19954,19958
19993,19958,19958
19923,19954,19958
19998,19959,19958
19921,19955,19958
19993,19959,19958
19918,19954,19958
19988,19958,19958
19919,19954,19958
20006,19960,19958
19920,19955,19958
20003,19961,19958
19905,19954,19958
19996,19959,19958
19926,19955,19958
20003,19961,19958
19911,19955,19958
19997,19960,19958
19919,19955,19958
20002,19960,19958
19905,19954,19958
20004,19960,19958
19903,19953,19958
20006,19959,19958
19915,19954,19958
20003,19960,19958
19906,19954,19958
20002,19960,19958
19907,19954,19958
20009,19960,19958
19906,19954,19958
20000,19959,19958
19929,19956,19958
19985,19959,19958
19904,19953,19958
20020,19961,19958
19926,19957,19958
19976,19959,19958
19907,19953,19958
19994,19958,19958
19917,19953,19958
20012,19960,19958
19904,19953,19958
19992,19957,19958
19923,19953,19958
20017,19961,19958
19900,19954,19958
19994,19959,19958
19918,19954,19958
20004,19960,19958
19915,19955,19958
19995,19960,19958
19912,19954,19958
20012,19961,19958
19910,19955,19958
19995,19960,19958
19918,19955,19958
20008,19961,19958
19906,19955,19958
19991,19959,19958
19914,19954,19958
19997,19959,19958
19916,19954,19958
19992,19958,19958
19919,19954,19958
20017,19961,19958
19906,19955,19958
19997,19960,19958
19908,19954,19958
20008,19960,19958
19903,19953,19958
19998,19958,19958
19913,19953,19958
20001,19959,19958
19923,19955,19958
19999,19960,19958
19909,19954,19958
20002,19960,19958
19918,19955,19958
20000,19960,19958
19912,19954,19958
19999,19959,19958
19917,19954,19958
19993,19958,19958
19916,19953,19958
19994,19958,19958
19905,19952,19958
20008,19959,19958
19920,19955,19958
19996,19960,19958
19910,19954,19958
19998,19959,19958
19919,19954,19958
19999,19959,19958
19910,19953,19958
19993,19958,19958
19910,19952,19958
20011,19959,19958
19913,19954,19958
19998,19959,19958
19909,19953,19958
20010,19960,19958
19916,19955,19958
19993,19959,19958
19909,19953,19958
20000,19958,19958
19917,19953,19958
19993,19958,19958
19926,19954,19958
19992,19958,19958
19917,19953,19958
19997,19958,19958
19911,19953,19958
19999,19958,19958
19916,19953,19958
19990,19957,19958
19923,19953,19958
19992,19957,19958
19921,19953,19958
19991,19957,19958
19910,19952,19958
20005,19958,19958
19912,19953,19958
19998,19958,19958
19910,19952,19958
20006,19958,19958
19916,19953,19958
19994,19958,19958
19913,19953,19958
20001,19959,19958
19911,19953,19958
20003,19959,19958
19918,19954,19958
19992,19958,19958
19926,19954,19958
19994,19959,19958
19904,19953,19958
19999,19958,19958
19919,19954,19958
19998,19959,19958
19899,19952,19958
20001,19958,19958
19919,19954,19958
19997,19959,19958
19917,19954,19958
19984,19957,19958
19934,19955,19958
19996,19960,19958
19908,19954,19958
20000,19959,19958
19912,19954,19958
20000,19959,19958
19909,19953,19958
20003,19959,19958
19910,19953,19958
20004,19959,19958
19903,19952,19958
20009,19959,19958
19904,19953,19958
20003,19959,19958
19905,19953,19958
20017,19961,19958
19892,19953,19958
20004,19959,19958
19908,19953,19958
20003,19959,19958
19908,19953,19958
20015,19960,19958
19906,19954,19958
19989,19958,19958
19911,19953,19958
20009,19960,19958
19910,19954,19958
19996,19959,19958
19906,19953,19958
19993,19958,19958
19921,19954,19958
19997,19959,19958
19906,19953,19958
19999,19958,19958
19926,19954,19958
19988,19958,19958
19921,19954,19958
19994,19959,19958
19912,19954,19958
19999,19959,19958
19918,19954,19958
19994,19959,19958
19920,19955,19958
19997,19960,19958
19909,19954,19958
19997,19959,19958
19909,19953,19958
19988,19957,19958
19911,19952,19958
20001,19958,19958
19924,19954,19958
19991,19958,19958
19904,19952,19958
20004,19958,19958
19920,19954,19958
19996,19959,19958
19901,19952,19958
19994,19957,19958
19928,19954,19958
20004,19960,19958
19899,19953,19958
19995,19958,19958
19925,19954,19958
20005,19960,19958
19905,19954,19958
19994,19959,19958
19917,19954,19958
19999,19959,19958
19913,19954,19958
19996,19959,19958
19909,19953,19958
20002,19959,19958
19909,19953,19958
19999,19958,19958
19916,19953,19958
19986,19957,19958
19920,19953,19958
19998,19958,19958
19917,19953,19958
19993,19958,19958
19916,19953,19958
19997,19958,19958
19912,19953,19958
19992,19957,19958
19924,19953,19958
19988,19957,19958
19913,19952,19958
20007,19958,19958
19914,19953,19958
19991,19957,19958
19920,19953,19958
20002,19959,19958
19906,19953,19958
19993,19958,19958
19919,19954,19958
19998,19959,19958
19913,19954,19958
20000,19959,19958
19899,19952,19958
20014,19959,19958
19911,19953,19958
19998,19958,19958
19905,19952,19958
20002,19958,19958
19910,19952,19958
20005,19958,19958
19898,19951,19958
19998,19956,19958
19922,19952,19958
20001,19958,19958
19909,19952,19958
19995,19957,19958
19908,19951,19958
19997,19956,19958
19918,19952,19958
20008,19959,19958
19912,19954,19958
20001,19959,19958
19905,19953,19958
20002,19959,19958
19911,19953,19958
19998,19958,19958
19914,19953,19958
19993,19958,19958
19918,19953,19958
20002,19959,19958
19917,19954,19958
19989,19958,19958
19923,19954,19958
19992,19958,19958
19915,19953,19958
19993,19958,19958
19917,19953,19958
20001,19959,19958
19913,19954,19958
19999,19959,19958
19912,19954,19958
20002,19960,19958
19910,19954,19958
20006,19960,19958
19910,19954,19958
20000,19959,19958
19916,19954,19958
19999,19959,19958
19910,19953,19958
20004,19959,19958
19909,19953,19958
20006,19959,19958
19911,19953,19958
19999,19958,19958
19912,19953,19958
20006,19959,19958
19899,19952,19958
20011,19959,19958
19906,19953,19958
20004,19959,19958
19895,19951,19958
20009,19958,19958
19922,19954,19958
20006,19960,19958
19910,19954,19958
19994,19959,19958
19917,19954,19958
20005,19960,19958
19911,19954,19958
19992,19958,19958
19921,19954,19958
20005,19960,19958
19908,19954,19958
19993,19958,19958
19921,19954,19958
20002,19960,19958
19920,19955,19958
19993,19959,19958
19907,19953,19958
20007,19959,19958
19899,19952,19958
20014,19959,19958
19911,19953,19958
19993,19958,19958
19916,19953,19958
20006,19959,19958
19920,19955,19958
19998,19960,19958
19906,19954,19958
19996,19959,19958
19921,19955,19958
20004,19961,19958
19900,19954,19958
19994,19959,19958
19929,19956,19958
19999,19961,19958
19904,19954,19958
19997,19959,19958
19920,19955,19958
20011,19962,19958
19913,19956,19958
19992,19960,19958
19921,19956,19958
20008,19962,19958
19896,19954,19958
20003,19960,19958
19919,19955,19958
20007,19961,19958
19914,19956,19958
19993,19960,19958
19904,19953,19958
20016,19960,19958
19905,19954,19958
20005,19960,19958
19908,19954,19958
20010,19961,19958
19913,19955,19958
19989,19959,19958
19923,19955,19958
19998,19960,19958
19919,19955,19958
19992,19959,19958
19923,19955,19958
20009,19961,19958
19908,19955,19958
19989,19959,19958
19916,19954,19958
20003,19960,19958
19915,19955,19958
19991,19959,19958
19932,19956,19958
19991,19960,19958
19910,19954,19958
19994,19959,19958
19925,19955,19958
20004,19961,19958
19907,19955,19958
19991,19959,19958
19928,19956,19958
20000,19961,19958
19910,19955,19958
19998,19960,19958
19925,19956,19958
20002,19961,19958
19904,19954,19958
19993,19958,19958
19929,19955,19958
19999,19960,19958
19908,19954,19958
19997,19959,19958
19913,19954,19958
20012,19961,19958
19922,19957,19958
19999,19962,19958
19913,19956,19958
19997,19961,19958
19913,19955,19958
20000,19960,19958
19909,19954,19958
20010,19961,19958
19907,19955,19958
20001,19960,19958
19912,19954,19958
20001,19959,19958
19923,19955,19958
19997,19960,19958
19922,19956,19958
19992,19960,19958
19923,19956,19958
19997,19961,19958
19923,19957,19958
19988,19960,19958
19917,19955,19958
19999,19960,19958
19919,19955,19958
19994,19959,19958
19919,19954,19958
20011,19961,19958
19907,19955,19958
20006,19961,19958
19918,19956,19958
19989,19960,19958
19911,19954,19958
20004,19960,19958
19905,19954,19958
20015,19961,19958
19918,19956,19958
19991,19960,19958
19913,19955,19958
20006,19961,19958
19924,19957,19958
19996,19961,19958
19911,19955,19958
20005,19961,19958
19905,19954,19958
20002,19960,19958
19916,19955,19958
19999,19960,19958
19917,19955,19958
19994,19959,19958
19918,19954,19958
19996,19959,19958
19924,19955,19958
19993,19959,19958
19917,19954,19958
20002,19960,19958
19915,19955,19958
19999,19960,19958
19924,19956,19958
19999,19961,19958
19916,19956,19958
19992,19960,19958
19921,19956,19958
20006,19962,19958
19917,19957,19958
19990,19961,19958
19922,19957,19958
20007,19963,19958
19907,19956,19958
19997,19961,19958
19921,19956,19958
19999,19961,19958
19922,19957,19958
19985,19960,19958
19926,19956,19958
19989,19960,19958
19920,19955,19958
19999,19960,19958
19920,19955,19958
19995,19960,19958
19909,19954,19958
20005,19960,19958
19920,19955,19958
19995,19960,19958
19913,19955,19958
20003,19961,19958
19914,19956,19958
20002,19961,19958
19914,19956,19958
19990,19960,19958
19934,19957,19958
19997,19962,19958
19914,19956,19958
19994,19960,19958
19915,19955,19958
19997,19960,19958
19920,19955,19958
19991,19959,19958
19924,19955,19958
19996,19960,19958
19911,19954,19958
20003,19960,19958
19910,19954,19958
20005,19960,19958
19907,19954,19958
20015,19961,19958
19914,19956,19958
19993,19960,19958
19920,19955,19958
19990,19959,19958
19920,19955,19958
19999,19960,19958
19903,19953,19958
20007,19959,19958
19932,19956,19958
19990,19960,19958
19906,19954,19958
20007,19960,19958
19912,19954,19958
20005,19960,19958
19906,19954,19958
20008,19960,19958
19912,19954,19958
19998,19959,19958
19928,19956,19958
19985,19959,19958
19921,19955,19958
20003,19961,19958
19907,19955,19958
20004,19961,19958
19906,19955,19958
20008,19961,19958
19916,19956,19958
19996,19961,19958
19904,19954,19958
20010,19961,19958
19912,19955,19958
20004,19961,19958
19919,19956,19958
19993,19960,19958
19918,19955,19958
20000,19960,19958
19919,19955,19958
19994,19959,19958
19915,19954,19958
19995,19959,19958
19911,19953,19958
20003,19959,19958
19908,19953,19958
20001,19959,19958
19917,19954,19958
20001,19959,19958
19915,19954,19958
20000,19959,19958
19916,19954,19958
19995,19959,19958
19920,19955,19958
19990,19959,19958
19918,19954,19958
20000,19959,19958
19921,19955,19958
20000,19960,19958
19916,19955,19958
19999,19960,19958
19925,19956,19958
19997,19961,19958
19900,19954,19958
20008,19960,19958
19913,19955,19958
19996,19960,19958
19913,19955,19958
20010,19961,19958
19906,19955,19958
19999,19960,19958
19919,19955,19958
19999,19960,19958
19903,19953,19958
20006,19959,19958
19915,19954,19958
19994,19959,19958
19922,19955,19958
20001,19960,19958
19919,19955,19958
19995,19960,19958
19905,19954,19958
20000,19959,19958
19920,19955,19958
20009,19961,19958
19915,19956,19958
19988,19960,19958
19919,19955,19958
19998,19960,19958
19920,19955,19958
19996,19960,19958
19917,19955,19958
20006,19961,19958
19897,19953,19958
20011,19960,19958
19904,19953,19958
20003,19959,19958
19914,19954,19958
19998,19959,19958
19912,19954,19958
20014,19961,19958
19905,19954,19958
20001,19959,19958
19909,19953,19958
20005,19959,19958
19910,19953,19958
20004,19959,19958
19906,19953,19958
20012,19960,19958
19903,19953,19958
20002,19959,19958
19915,19954,19958
20010,19961,19958
19911,19955,19958
19993,19959,19958
19915,19954,19958
20000,19959,19958
19908,19953,19958
20003,19959,19958
19920,19955,19958
20000,19960,19958
19909,19954,19958
19996,19959,19958
19916,19954,19958
20013,19961,19958
19903,19954,19958
19986,19958,19958
19932,19955,19958
20016,19962,19958
19895,19954,19958
19995,19959,19958
19915,19954,19958
20013,19961,19958
19897,19953,19958
20005,19959,19958
19901,19952,19958
20012,19959,19958
19915,19954,19958
20004,19960,19958
19901,19953,19958
20005,19959,19958
19907,19953,19958
20019,19961,19958
19902,19954,19958
19999,19959,19958
19911,19953,19958
20007,19959,19958
19912,19954,19958
19998,19959,19958
19921,19955,19958
20000,19960,19958
19905,19954,19958
20008,19960,19958
19909,19954,19958
19999,19959,19958
19909,19953,19958
20004,19959,19958
19907,19953,19958
20003,19959,19958
19906,19953,19958
20005,19959,19958
19917,19954,19958
19994,19959,19958
19919,19954,19958
20009,19960,19958
19916,19955,19958
19995,19960,19958
19920,19955,19958
19998,19960,19958
19912,19954,19958
19997,19959,19958
19927,19955,19958
19988,19959,19958
19921,19955,19958
20002,19960,19958
19904,19953,19958
19991,19957,19958
19929,19954,19958
19998,19959,19958
19914,19954,19958
19996,19959,19958
19921,19955,19958
19996,19960,19958
19915,19955,19958
19997,19960,19958
19914,19955,19958
20009,19961,19958
19912,19955,19958
20002,19960,19958
19909,19954,19958
20001,19959,19958
19916,19954,19958
19996,19959,19958
19910,19953,19958
20002,19959,19958
19920,19955,19958
20000,19960,19958
19906,19954,19958
19993,19958,19958
19917,19953,19958
20013,19960,19958
19916,19955,19958
19997,19960,19958
19906,19954,19958
20010,19961,19958
19919,19956,19958
19992,19960,19958
19907,19954,19958
20006,19960,19958
19916,19955,19958
20003,19961,19958
19912,19955,19958
20000,19960,19958
19921,19956,19958
19993,19960,19958
19917,19955,19958
19997,19960,19958
19924,19956,19958
19996,19961,19958
19920,19956,19958
19992,19960,19958
19921,19956,19958
19996,19961,19958
19923,19957,19958
19992,19961,19958
19918,19956,19958
19998,19961,19958
19928,19957,19958
19986,19960,19958
19920,19955,19958
19997,19960,19958
19923,19956,19958
20002,19961,19958
19901,19954,19958
20004,19960,19958
19924,19956,19958
20001,19961,19958
19902,19954,19958
19998,19959,19958
19928,19956,19958
19995,19960,19958
19903,19953,19958
20004,19959,19958
19916,19954,19958
20008,19960,19958
19910,19954,19958
20001,19959,19958
19913,19954,19958
19991,19958,19958
19909,19952,19958
20023,19960,19958
19905,19954,19958
20005,19960,19958
19914,19955,19958
20008,19961,19958
19907,19955,19958
20007,19961,19958
19909,19955,19958
19988,19959,19958
19915,19954,19958
20007,19960,19958
19922,19956,19958
19999,19961,19958
19914,19956,19958
19993,19960,19958
19922,19956,19958
20002,19961,19958
19904,19954,19958
20007,19960,19958
19906,19954,19958
20013,19961,19958
19920,19956,19958
19990,19960,19958
19902,19953,19958
20017,19961,19958
19913,19955,19958
19994,19959,19958
19902,19952,19958
20013,19959,19958
19911,19953,19958
19998,19958,19958
19913,19953,19958
20003,19959,19958
19915,19954,19958
20013,19961,19958
19896,19953,19958
19998,19958,19958
19929,19955,19958
20003,19961,19958
19906,19955,19958
20004,19961,19958
19914,19956,19958
20015,19963,19958
19901,19956,19958
20005,19962,19958
19910,19956,19958
20009,19962,19958
19904,19955,19958
19981,19958,19958
19934,19955,19958
20001,19960,19958
19916,19955,19958
19997,19960,19958
19914,19955,19958
20007,19961,19958
19915,19956,19958
19989,19960,19958
19918,19955,19958
20002,19960,19958
19922,19956,19958
19995,19960,19958
19914,19955,19958
20008,19961,19958
19924,19957,19958
19992,19961,19958
19902,19954,19958
20012,19961,19958
19926,19957,19958
19993,19961,19958
19902,19954,19958
19998,19959,19958
19933,19956,19958
20003,19961,19958
19903,19954,19958
19999,19959,19958
19923,19955,19958
19996,19960,19958
19914,19955,19958
19998,19960,19958
19907,19954,19958
20005,19960,19958
19924,19956,19958
19996,19961,19958
19909,19955,19958
20006,19961,19958
19911,19955,19958
20004,19961,19958
19922,19957,19958
19996,19961,19958
19918,19956,19958
20001,19961,19958
19925,19957,19958
19994,19961,19958
19913,19955,19958
19998,19960,19958
19906,19954,19958
20013,19961,19958
19910,19955,19958
19995,19960,19958
19928,19956,19958
19994,19960,19958
19923,19956,19958
19990,19960,19958
19914,19955,19958
20000,19960,19958
19924,19956,19958
19994,19960,19958
19923,19956,19958
19998,19961,19958
19915,19956,19958
20005,19962,19958
19914,19956,19958
19994,19960,19958
19911,19954,19958
20019,19962,19958
19912,19956,19958
19993,19960,19958
19915,19955,19958
20002,19960,19958
19919,19955,19958
19996,19960,19958
19907,19954,19958
19996,19959,19958
19920,19955,19958
20012,19962,19958
19910,19956,19958
19992,19960,19958
19926,19956,19958
20001,19961,19958
19923,19957,19958
19989,19961,19958
19909,19955,19958
20001,19960,19958
19928,19956,19958
19992,19960,19958
19917,19955,19958
20007,19961,19958
19922,19957,19958
19997,19962,19958
19904,19955,19958
20000,19960,19958
19925,19956,19958
20001,19961,19958
19907,19955,19958
19992,19959,19958
19925,19955,19958
19994,19959,19958
19920,19955,19958
19985,19958,19958
19927,19955,19958
20006,19961,19958
19914,19956,19958
19998,19961,19958
19916,19956,19958
20003,19961,19958
19933,19958,19958
19987,19961,19958
19916,19956,19958
20002,19961,19958
19925,19957,19958
19997,19962,19958
19911,19956,19958
20004,19962,19958
19910,19956,19958
19998,19961,19958
19920,19956,19958
20002,19961,19958
19915,19956,19958
20003,19961,19958
19912,19955,19958
20000,19960,19958
19915,19955,19958
20004,19961,19958
19918,19956,19958
20000,19961,19958
19910,19955,19958
20002,19960,19958
19916,19955,19958
20004,19961,19958
19921,19956,19958
20003,19961,19958
19908,19955,19958
20006,19961,19958
19919,19956,19958
19993,19960,19958
19918,19955,19958
19999,19960,19958
19923,19956,19958
19997,19961,19958
19917,19956,19958
19998,19961,19958
19921,19956,19958
19999,19961,19958
19916,19956,19958
19996,19961,19958
19919,19956,19958
20001,19961,19958
19918,19956,19958
19999,19961,19958
19919,19956,19958
19996,19961,19958
19924,19957,19958
19997,19962,19958
19919,19957,19958
20002,19962,19958
19906,19955,19958
19999,19960,19958
19933,19957,19958
19991,19961,19958
19916,19956,19958
19995,19960,19958
19925,19956,19958
19995,19960,19958
19922,19956,19958
19999,19961,19958
19914,19956,19958
20003,19961,19958
19909,19955,19958
20007,19961,19958
19918,19956,19958
19996,19961,19958
19922,19957,19958
20002,19962,19958
19911,19956,19958
19999,19961,19958
19920,19956,19958
20002,19961,19958
19909,19955,19958
20000,19960,19958
19917,19955,19958
20011,19962,19958
19915,19957,19958
19999,19962,19958
19918,19957,19958
20004,19962,19958
19917,19957,19958
19988,19960,19958
19920,19955,19958
20000,19960,19958
19930,19957,19958
19994,19961,19958
19900,19954,19958
20010,19961,19958
19930,19958,19958
19993,19962,19958
19908,19956,19958
20012,19963,19958
19925,19959,19958
19991,19963,19958
19918,19958,19958
19989,19961,19958
19922,19957,19958
20007,19963,19958
19918,19958,19958
20004,19963,19958
19925,19959,19958
19994,19963,19958
19913,19957,19958
20006,19963,19958
19915,19957,19958
19993,19961,19958
19923,19957,19958
20007,19963,19958
19912,19957,19958
20003,19962,19958
19916,19957,19958
19999,19962,19958
19919,19957,19958
19999,19962,19958
19907,19956,19958
20013,19963,19958
19920,19958,19958
19997,19962,19958
19920,19957,19958
19991,19961,19958
19925,19957,19958
20011,19963,19958
19903,19956,19958
19988,19960,19958
19929,19957,19958
20007,19963,19958
19908,19957,19958
19994,19961,19958
19931,19958,19958
19997,19962,19958
19925,19958,19958
19988,19961,19958
19926,19957,19958
19991,19961,19958
19929,19957,19958
19997,19962,19958
19914,19956,19958
19999,19961,19958
19912,19955,19958
20001,19960,19958
19925,19956,19958
20005,19962,19958
19916,19957,19958
19994,19961,19958
19920,19956,19958
20000,19961,19958
19924,19957,19958
20006,19963,19958
19912,19957,19958
20000,19962,19958
19903,19955,19958
20020,19963,19958
19916,19958,19958
19999,19963,19958
19911,19957,19958
20010,19963,19958
19917,19958,19958
20007,19964,19958
19909,19958,19958
20005,19963,19958
19909,19957,19958
20012,19963,19958
19917,19958,19958
20001,19963,19958
19913,19957,19958
19999,19962,19958
19921,19957,19958
20001,19962,19958
19928,19958,19958
19998,19963,19958
19897,19955,19958
20009,19961,19958
19930,19958,19958
19989,19961,19958
19918,19956,19958
19990,19960,19958
19928,19956,19958
20004,19962,19958
19908,19956,19958
20002,19961,19958
19912,19955,19958
20008,19961,19958
19913,19955,19958
20003,19961,19958
19913,19955,19958
20019,19963,19958
19916,19958,19958
19995,19962,19958
19916,19957,19958
20012,19963,19958
19914,19957,19958
20004,19962,19958
19909,19956,19958
20010,19962,19958
19905,19955,19958
20012,19962,19958
19917,19957,19958
19989,19961,19958
19926,19957,19958
20002,19962,19958
19918,19957,19958
19991,19961,19958
19917,19956,19958
20015,19963,19958
19919,19958,19958
19991,19962,19958
19922,19957,19958
20005,19963,19958
19919,19958,19958
19993,19962,19958
