157
260
382
521
674
839
1015
1199
1388
1583
1781
1982
2184
2386
2588
2789
2988
3185
3379
3570
3757
3940
4119
4294
4465
4632
4795
4952
5105
5254
5397
5536
5671
5800
5925
6046
6163
6274
6381
6484
6583
6678
6769
6857
6942
7023
7100
7174
7245
7313
7378
7441
7500
7557
7611
7663
7712
7759
7804
7847
7888
7927
7964
8000
8034
8066
8097
8127
8155
8181
8206
8230
8253
8275
8296
8316
8334
8352
8368
8384
8399
8413
8427
8440
8452
8464
8476
8486
8496
8506
8515
8523
8531
8539
8547
8553
8559
8565
8571
8577
8583
8588
8592
8596
8600
8604
8608
8612
8616
8620
8622
8624
8626
8628
8630
8632
8634
8636
8638
8640
8642
8644
8646
8648
8650
8650
8650
8651
8653
8655
8656
8656
8656
8657
8658
8659
8659
8659
8659
8661
8662
8662
8662
8662
8662
8662
8662
8662
8662
8662
8662
8662
8662
8662
8662
8662
8662
8662
8662
8662
8662
8662
8662
8662
8662
8254
8626
8628
8658
8658
8658
8658
8658
8658
8658
8658
8658
8658
8658
8669
8669
8702
8684
8682
8702
8687
8702
8673
8687
8687
8652
8652
8652
8655
8662
8663
8663
8637
8637
8666
8625
8617
8643
8620
8618
8646
8618
10021
10052
10054
10018
10015
10053
10078
10026
10053
10056
10024
10027
10061
10025
10063
10059
10025
10059
10061
10026
10060
10061
10026
10062
10033
10060
10048
10042
10075
10046
10076
10026
10029
10060
10040
10044
10074
10046
10076
10033
10027
10057
10028
10055
10023
10025
10061
10042
10041
10062
10041
10023
10057
10022
10025
10057
10024
10057
10073
10047
10080
10046
10081
10026
10063
10026
10059
10060
10028
10059
10024
10024
10056
10025
10028
10059
10024
10058
10057
10039
10062
10026
10060
10027
10029
10058
10024
10055
10025
10040
10074
10044
10042
10071
10039
10041
10068
10044
10058
10043
10037
10071
10069
10038
10038
10054
10065
10037
10039
10072
10042
10038
10053
10054
10022
10023
10054
10057
10026
10074
10078
10042
10076
10060
10026
10058
10025
10027
10056
10045
10073
10075
10047
10077
10050
10080
10032
10028
10062
10047
10079
10028
10055
10031
10030
10071
10049
10078
10047
10080
10074
10046
10060
10027
10026
10061
10027
10062
10056
10026
10028
10059
10024
10060
10065
10029
10080
10048
10065
10032
10063
10048
10078
10049
10083
10049
10080
10046
10043
10076
10042
10055
10028
10067
10037
10068
10036
10066
10037
10040
10071
10042
10079
10045
10062
10016
10046
10016
10029
10056
10016
10059
10031
10061
10074
10047
10078
10045
10076
10042
10042
10073
10044
10037
10075
10037
10026
10055
10023
10025
10055
10026
10054
10022
10022
10059
10025
10024
10057
10027
10060
10043
10070
10072
10040
10081
10045
10078
10047
10047
10076
10043
10078
10044
10073
10074
10042
10075
10040
10071
10041
10042
10072
10039
10072
10025
10053
10024
10057
10029
10060
10028
10042
10072
10038
10057
10041
10058
10059
10025
10058
10027
10059
10027
10057
10029
10060
10026
10079
10045
10074
10043
10077
10044
10060
10038
10041
10075
10042
10071
10044
10043
10060
10024
10056
10026
10058
10025
10016
10064
10038
10053
10021
10041
10056
10025
10054
10023
10050
10038
10064
10069
10041
10070
10040
10069
10040
10072
10034
10056
10020
10047
10019
10047
10055
10036
10052
10024
10053
10020
10023
10070
10017
10051
10021
10053
10026
10057
10025
10025
10055
10023
10052
10023
10052
10024
10051
10052
10032
10071
10037
10067
10035
10067
10036
10071
10040
10038
10069
10071
10039
10068
10038
10071
10040
10070
10024
10055
10024
10070
10037
10070
10039
10072
10039
10055
10027
10075
10045
10056
10055
10039
10074
10044
10072
10042
10072
10022
10052
10022
10053
10024
10057
10024
10054
10027
10055
10044
10075
10045
10042
10057
10027
10056
10019
10049
10025
10066
10044
10075
10043
10074
10074
10040
10070
10022
10051
10021
10071
10021
10054
10043
10073
10031
10032
10060
10029
10039
10009
10041
10010
10011
10041
10011
10040
10008
10012
10049
10011
10061
10042
10076
10027
10062
10061
10026
10058
10010
10034
10059
10035
10060
10025
10058
10032
10052
10031
10029
10059
10012
10041
10019
10040
10019
10040
10012
10021
10061
10013
10043
10013
10014
10043
10012
10043
10014
10062
10027
10044
10014
10045
10036
10056
10060
10039
10049
10014
10023
10052
10020
10069
10036
10069
10036
10035
10067
10037
10071
10039
10072
10039
10068
10021
10051
10020
10070
10037
10073
10039
10052
10026
10056
10024
10052
10022
10058
10025
10026
10055
10021
10055
10024
10055
10026
10055
10019
10060
10031
10050
10019
10052
10032
10065
10070
10020
10051
10022
10050
10018
10052
10016
10013
10052
10018
10023
10051
10019
10019
10052
10016
10033
10050
10017
10015
10051
10048
10014
10027
10031
10060
10064
10032
10033
10061
10065
10062
10029
10031
10028
10059
10061
10061
10027
10031
10029
10066
10060
10028
10030
10027
10066
10067
10034
10032
10066
10045
10013
10013
10045
10057
10063
10030
10029
10034
10066
10065
10032
10034
10064
10065
10030
10035
10064
10068
10035
10036
10064
10031
10035
10064
10065
10033
10035
10059
10031
10033
10067
10034
10034
10066
10034
10035
10064
10036
10019
10047
10017
10063
10067
10034
10059
10023
10052
10022
10055
10050
10022
10048
10023
10054
10025
10054
10026
10074
10038
10069
10042
10069
