715
447
774
270
540
465
264
623
302
400
365
525
633
488
665
536
546
671
478
438
389
578
290
479
481
288
555
225
730
464
539
737
380
703
602
637
478
371
517
336
466
459
331
525
567
614
426
711
522
525
714
446
775
267
539
467
262
624
301
399
364
524
634
488
664
538
546
670
479
437
389
579
289
479
480
288
556
224
730
464
538
739
380
703
602
637
479
372
517
336
465
460
332
524
566
612
425
712
521
525
715
446
775
267
539
467
262
624
301
399
367
524
633
489
664
537
546
670
479
437
388
579
289
479
480
287
556
224
730
465
538
738
380
703
602
636
478
372
517
336
465
458
332
524
567
614
424
711
522
524
715
445
774
268
538
467
262
623
301
399
363
524
633
489
664
537
546
669
479
438
388
579
289
479
481
287
556
224
729
465
537
738
380
702
602
815
525
420
598
352
511
490
345
558
542
557
399
646
482
522
649
440
737
290
653
465
333
656
297
476
189
476
582
404
650
493
513
656
445
463
448
603
354
520
482
352
562
267
711
347
535
668
348
705
524
809
524
419
599
351
510
490
344
558
543
556
399
645
482
522
649
440
735
288
654
465
332
656
297
476
184
474
582
405
649
492
513
655
445
463
448
604
354
520
482
352
563
267
711
347
535
669
348
704
524
815
525
420
598
352
511
490
345
558
543
556
399
646
481
522
649
439
735
288
653
466
332
656
297
476
184
475
582
405
648
492
513
654
445
463
447
605
354
520
482
351
563
267
710
348
534
668
349
704
525
811
524
420
597
352
510
489
346
557
542
556
399
646
481
522
649
439
737
290
653
465
333
656
298
476
192
476
581
404
650
493
512
656
446
463
448
604
354
520
482
351
562
268
713
347
535
669
349
704
526
817
526
420
598
353
511
490
346
558
543
556
399
646
481
522
649
439
737
290
654
466
333
656
298
476
187
475
582
405
649
493
513
655
446
463
449
604
354
520
482
352
563
269
713
347
535
669
348
704
525
817
526
420
597
352
511
490
346
558
543
557
399
646
482
522
650
440
737
291
653
465
333
656
298
476
189
476
582
404
650
493
513
656
446
463
447
604
355
520
482
351
562
269
713
348
534
669
349
704
525
817
525
420
598
352
511
489
346
559
542
556
399
645
482
522
649
439
737
291
653
465
333
655
298
477
186
475
456
590
384
539
498
403
576
452
782
302
570
605
336
694
445
627
390
461
633
333
568
502
371
606
578
546
412
618
464
501
597
426
556
222
699
430
396
665
307
554
376
611
536
368
669
433
499
629
397
426
455
591
384
536
500
402
575
454
780
303
570
603
338
693
445
626
387
463
634
331
569
501
370
607
576
547
412
616
466
501
597
427
554
224
699
429
397
663
307
556
374
612
535
367
671
432
499
629
395
426
454
589
386
535
501
402
574
455
779
303
572
602
339
693
444
627
387
462
634
330
571
501
369
608
574
546
412
615
467
500
597
429
552
224
698
428
399
663
307
556
374
614
536
366
672
431
500
630
394
426
453
590
386
534
501
403
573
455
779
302
572
602
339
693
444
630
387
462
634
330
570
501
370
608
574
545
412
615
467
500
596
428
552
225
699
428
399
662
306
557
377
613
535
366
672
432
498
630
394
426
453
588
386
535
501
403
573
454
779
302
573
602
338
694
444
627
387
461
635
330
569
502
369
608
575
545
413
615
466
501
596
428
552
223
699
428
398
663
306
557
374
612
536
365
671
432
498
630
394
426
454
588
386
535
500
403
573
454
779
301
572
603
338
694
444
630
389
460
634
330
569
502
369
607
575
545
413
615
466
500
596
428
553
223
698
427
398
663
306
556
377
613
536
365
671
432
498
631
394
426
454
588
387
535
500
403
573
455
779
301
572
602
339
694
443
627
387
461
635
330
569
502
368
608
575
544
412
615
466
500
596
428
552
224
699
427
398
663
305
557
374
612
536
365
672
432
498
630
394
426
454
588
386
534
500
403
573
454
779
301
572
602
338
694
444
630
388
460
634
330
570
501
369
608
574
545
412
615
466
500
596
428
552
223
698
428
398
662
306
556
377
613
535
365
671
432
498
630
394
425
453
589
386
534
500
403
573
454
779
301
572
602
338
694
444
629
388
461
633
330
569
501
370
607
576
546
413
615
466
500
596
428
553
223
698
427
398
663
306
556
377
613
535
366
671
432
498
630
395
426
455
589
385
535
500
403
573
454
780
301
572
602
338
693
443
629
387
460
634
330
569
501
369
607
576
546
412
614
466
500
595
428
553
223
699
427
397
663
305
556
374
611
536
365
671
432
498
630
394
426
455
589
385
534
500
403
573
454
779
301
572
601
602
452
377
633
669
594
476
642
500
514
606
445
387
218
658
339
434
617
295
590
523
780
556
430
725
406
558
633
377
341
412
534
370
510
496
403
564
624
790
354
674
574
393
715
419
492
230
452
582
284
603
452
375
633
668
593
477
640
500
514
606
446
387
218
658
339
435
616
294
591
522
781
556
429
726
405
557
634
376
340
412
533
370
508
494
404
563
622
789
352
674
574
392
716
418
492
231
452
582
283
602
453
375
633
669
593
478
641
500
515
604
447
388
217
659
338
435
618
293
591
522
780
557
429
725
406
557
634
376
340
414
533
371
510
494
405
563
624
791
352
674
573
392
717
418
492
230
451
583
283
602
452
374
633
669
593
478
640
500
515
604
447
389
218
660
338
434
618
293
592
524
780
556
429
726
406
557
634
376
340
413
533
370
509
495
404
563
623
790
352
675
574
392
716
418
493
231
451
582
283
603
453
374
633
669
593
478
640
499
515
604
446
389
218
659
337
435
617
293
591
524
781
556
429
725
406
557
634
376
339
412
533
370
509
494
404
563
623
791
352
674
574
392
716
418
492
231
452
582
283
602
453
375
633
668
591
477
640
499
515
604
446
387
218
659
338
434
617
294
591
523
781
556
429
725
406
557
634
376
339
412
532
370
509
494
404
563
621
789
352
674
573
391
716
418
491
230
451
582
284
602
452
374
633
668
591
477
640
499
514
604
446
387
217
658
338
434
617
293
591
522
780
556
428
725
405
556
634
376
339
413
533
370
508
494
404
563
623
790
352
674
574
392
716
417
492
232
451
582
283
602
453
374
633
668
591
477
640
499
514
604
446
387
217
658
337
434
617
293
590
523
780
556
428
725
405
556
634
376
339
412
532
370
508
494
403
562
621
789
352
674
573
391
716
417
491
230
451
582
283
602
452
374
633
661
585
474
638
496
512
604
444
388
220
658
338
435
616
295
590
523
781
554
429
725
404
557
632
376
340
410
533
370
507
495
403
563
623
789
353
673
572
392
714
417
493
230
451
581
282
604
451
374
633
667
592
477
639
499
513
605
446
385
218
658
337
435
615
293
591
522
781
555
428
726
404
557
633
375
339
411
533
370
507
494
403
562
621
788
351
674
572
391
715
417
491
229
451
581
282
602
452
374
633
667
591
476
640
498
514
603
445
381
811
561
515
762
405
650
640
353
348
376
493
339
474
466
366
536
629
709
420
745
558
477
742
436
636
202
457
503
250
611
365
374
658
666
640
524
675
539
549
650
478
381
301
596
272
456
538
274
577
376
812
560
515
762
403
652
640
352
349
374
494
340
473
467
364
535
631
708
420
745
557
478
741
435
639
201
457
504
249
612
365
373
660
665
640
523
674
541
549
649
479
380
302
596
271
456
537
274
578
378
813
559
515
763
402
652
640
353
350
374
493
339
473
468
364
535
631
708
421
745
556
478
741
435
637
200
458
503
249
612
364
373
659
665
641
523
674
540
548
650
478
380
302
596
271
456
537
274
578
375
812
560
514
763
402
652
640
352
350
374
494
339
472
467
365
535
631
707
420
746
557
478
742
435
640
201
457
504
249
612
365
373
660
665
640
524
673
540
548
648
479
380
302
596
271
456
538
273
578
377
813
559
514
764
402
651
641
352
349
374
493
340
473
467
365
535
631
708
420
745
556
478
742
434
636
200
457
504
249
611
365
373
659
665
639
523
673
540
549
649
478
380
301
597
270
456
537
273
578
375
812
560
514
763
402
651
640
351
350
374
493
339
472
467
365
535
631
708
420
746
556
477
741
435
637
200
457
503
249
611
364
373
663
665
638
523
674
540
548
649
479
380
301
596
271
456
537
273
578
375
811
560
514
763
402
651
640
355
349
373
493
340
472
467
365
535
630
707
419
745
556
478
741
435
636
200
458
503
248
611
364
373
663
665
638
523
674
540
548
649
478
380
302
596
271
455
538
273
578
378
812
559
514
763
402
651
640
356
349
373
493
339
473
467
364
535
630
707
420
745
556
478
741
436
639
201
456
503
249
611
364
373
664
665
639
523
673
540
548
649
479
380
301
596
271
455
537
273
578
378
813
559
514
763
403
651
640
351
349
374
493
339
472
467
364
535
630
707
419
745
556
477
741
435
639
201
456
503
248
611
365
372
663
665
638
523
673
540
548
648
479
380
300
596
270
456
538
272
578
378
812
559
514
763
402
651
640
356
349
373
492
340
472
467
364
535
630
707
419
745
556
477
741
435
639
201
456
504
248
611
364
372
664
665
638
523
673
540
548
648
478
379
301
596
270
455
537
273
578
378
812
559
514
763
402
651
640
352
349
374
493
